2000 01 03 02 38 22.77 126.3690  9.6980  17.4 4.9
2000 01 29 02 53 55.50 126.3180  4.8530  88.2 4.9
2000 02 21 18 51 19.07 124.5800  4.2020  28.0 4.6
2000 04 03 15 20 01.85 125.5000  4.0690 139.6 5.7
2000 06 07 16 45 35.48 126.8840  4.9300  55.5 5.1
2000 06 08 03 52 57.23 125.3190  5.5760 201.1 4.6
2000 07 04 22 19 44.20 122.2270 20.2260  20.0 5.0
2000 07 11 16 03 54.79 126.2210  5.9720  85.5 5.3
2000 08 05 05 02 27.99 125.3160  5.5030 192.7 4.2
2000 08 09 13 28 12.20 122.6910  9.0810  63.4 4.6
2000 08 16 18 34 38.17 124.7330  6.4120  28.0 5.0
2000 08 28 03 37 00.44 126.6200  4.3800  58.9 5.6
2000 09 10 03 16 14.32 120.1120 13.7490  33.7 5.0
2000 09 24 02 17 21.70 122.2400  8.4300  37.8 4.3
2000 09 29 01 50 00.12 120.7440 13.7640 143.0 4.2
2000 10 05 20 06 08.27 126.8830  6.8020  26.2 5.1
2000 10 07 22 30 15.05 126.2420  5.3400 124.6 4.6
2000 10 08 03 36 35.01 125.4580  9.7730  17.0 5.0
2000 10 16 08 49 50.45 122.4390 12.2550  18.5 4.5
2000 11 04 12 38 41.05 125.7880  5.7360 116.4 5.0
2000 11 09 01 46 46.16 127.0870  5.7970  76.6 4.9
2000 11 11 16 22 40.94 120.8340 13.5260 171.5 4.2
2000 11 23 00 19 54.71 126.7070  5.9470 145.3 4.4
2000 11 30 20 01 07.68 126.1720 10.6330  18.2 4.9
2000 12 10 13 30 38.62 121.1810 19.1020  52.5 5.0
2001 01 01 03 48 40.19 121.1910 18.9440  55.8 5.1
2001 01 01 06 57 06.66 126.6920  6.8770  44.0 6.5
2001 01 01 08 54 34.30 126.9400  6.5880  44.1 5.4
2001 01 06 04 45 29.10 126.9620  6.7060  24.0 5.4
2001 01 06 15 55 30    127.4270  5.7880  25.0 5.2
2001 01 06 22 58 22.80 127.5420  5.6680  60.6 4.7
2001 01 07 18 34 48.92 127.2490  5.5340  61.9 4.4
2001 01 08 05 42 53.79 126.8880  6.6370  76.0 4.4
2001 01 08 16 35 01.27 127.4000  5.4480  52.2 4.5
2001 01 09 19 14 00.63 127.2160  5.7500  69.8 4.4
2001 01 10 00 35 13.89 127.0890  5.7460  71.9 4.6
2001 01 12 19 18 26.34 120.8510 17.3450  26.9 5.5
2001 01 13 08 52 52.04 124.8360  9.7810  27.4 4.9
2001 01 13 15 44 25.86 124.8530  9.7790  37.9 4.9
2001 01 17 13 09 22.19 126.6330  5.3250  72.6 4.7
2001 01 21 04 26 11.09 126.4400  6.5360  38.7 4.5
2001 01 21 04 44 02    126.2650 10.2310  25.0 5.1
2001 01 21 07 27 14.33 126.4860  4.9010 105.6 4.8
2001 01 22 21 52 58.64 126.8750  6.7630  77.7 4.5
2001 01 24 17 19 11.73 126.7980  6.9210  74.2 4.4
2001 01 28 21 08 43.90 126.5770  5.8240  72.3 4.6
2001 02 11 06 21 37.54 125.2910 11.4110  66.0 4.4
2001 02 20 10 07 58.12 125.9560  8.4480  31.2 4.5
2001 02 21 22 50 31.95 126.7910  6.5820  83.4 5.1
2001 02 27 13 46 49.63 125.8490  6.0000  98.4 4.1
2001 02 28 09 35 13.32 126.9730  6.5210  21.4 5.2
2001 03 02 06 35 25.24 120.6520 13.8880 139.6 4.3
2001 03 03 18 53 38.52 127.1980  5.0460  78.9 4.5
2001 03 06 07 38 33.51 126.5600  7.1510 173.5 4.3
2001 04 10 07 33 23.55 125.6070  4.3790 161.1 4.6
2001 04 17 10 40 25.77 126.7790  6.3530 185.8 4.6
2001 04 20 19 05 49.80 126.8480  6.3000 202.4 4.2
2001 04 23 21 08 12.97 126.7140  7.3540  65.1 4.4
2001 04 24 13 27 25.38 120.5520 18.4960  34.1 4.5
2001 04 30 20 17 54    120.9210 18.9650  31.9 4.6
2001 05 03 04 23 05.32 120.6740 15.4730 183.8 4.3
2001 05 03 23 17 12.19 127.2100  5.1560  98.9 4.5
2001 05 14 14 39 47.60 127.3600  5.1450 131.1 4.5
2001 05 19 11 06 55.56 126.7510  7.1000  68.7 4.7
2001 05 21 09 25 34.38 127.0510  6.8210  56.3 4.3
2001 05 24 02 33 50.34 125.4610  9.6750  19.6 4.6
2001 05 26 10 53 29.36 126.6040  4.0280  77.4 4.6
2001 05 26 11 37 37.88 126.6350  4.0610  67.3 4.7
2001 05 26 15 30 03.34 126.6960  4.0600  68.7 4.6
2001 05 26 16 54 10.05 126.6350  4.1070  70.9 4.8
2001 05 26 21 56 26.70 120.7980 13.6410 144.3 4.5
2001 05 28 19 19 11.18 127.4820  4.2730  74.2 4.7
2001 06 13 04 16 16.18 126.0290  9.9540  61.5 4.6
2001 06 13 19 10 05.48 126.8320  7.6180  71.4 4.5
2001 07 08 17 17 35.40 120.8680 13.6930  32.0 5.3
2001 07 20 09 45 57.43 126.7660  6.0830 102.3 5.4
2001 07 31 16 41 31    117.4240  7.9930  20.5 5.0
2001 08 03 01 08 21.35 125.9180 13.6780  38.9 4.8
2001 08 06 02 30 34.69 121.0330 21.4980  33.0 4.9
2001 08 12 00 41 34.99 123.4070 12.5900  22.4 4.6
2001 08 16 07 42 00.56 120.4340 13.3090  62.7 4.6
2001 08 22 11 05 19.65 120.5490 14.3820 126.2 4.8
2001 08 22 17 08 34.40 122.1740 10.1580  26.7 4.6
2001 08 23 04 47 47.22 125.5360 10.2180 129.5 4.4
2001 08 24 00 52 11.01 122.2470 20.2870 175.5 4.5
2001 08 26 19 34 50.76 126.3440  4.5690  97.0 5.0
2001 08 27 13 31 05.64 126.5790  5.5040  74.7 4.5
2001 08 27 15 03 18.66 126.1000 10.1840  61.6 4.6
2001 08 31 07 35 13.57 124.1300 13.0330  43.8 4.3
2001 08 31 17 08 05.23 126.6220  7.8530  95.4 4.8
2001 09 08 06 47 16.02 120.6930 14.1890 172.8 4.5
2001 09 10 06 40 11.81 126.6760  5.7870  99.6 5.0
2001 09 18 05 31 55.71 125.9330  6.0140 152.7 4.6
2001 09 21 20 01 16.72 126.3320  4.9410  99.8 4.4
2001 10 16 19 52 38.51 126.6100  4.1770  24.9 5.1
2001 10 23 23 40 42.05 125.3340  6.2470 107.1 4.6
2001 10 28 21 49 38.64 126.6130  5.3830  78.4 5.1
2001 11 02 03 31 56.37 125.9510  5.9670 137.9 4.4
2001 11 02 22 17 48    126.8110  6.0390  98.0 5.0
2001 11 14 05 58 07.08 120.3680 13.5800  61.8 4.5
2001 11 15 10 59 28.39 122.3690  9.6770  16.7 5.0
2001 11 20 08 33 07.39 126.8350  6.4140 197.7 4.9
2001 11 28 09 31 15.99 125.5660  4.9460 183.5 4.7
2001 12 03 05 30 14.99 126.3990  9.6120  69.5 4.1
2001 12 05 01 22 07.92 126.5820  5.4630  80.7 4.2
2001 12 07 20 29 47.92 126.3640  9.6390  69.2 4.6
2001 12 07 23 08 51.57 126.4280  9.5960  69.5 4.5
2001 12 08 09 01 47.32 126.3430  9.1840  63.7 4.4
2001 12 08 21 17 46.34 126.4150  9.6570  58.3 4.4
2001 12 10 15 55 00.88 126.4300  9.6200  61.6 4.3
2001 12 26 19 49 23.55 125.5070  6.2640  41.0 4.4
2001 12 27 01 59 25.62 125.6320  4.4420 175.1 4.7
2001 12 29 17 26 35.15 126.6370  6.3850 130.0 4.2
2002 01 02 20 52 30.60 126.8070  8.1650  61.5 5.2
2002 01 10 10 28 17.16 126.8480  5.7060  88.2 4.5
2002 01 13 04 47 39.95 125.7190  4.4630 177.6 4.8
2002 02 10 02 43 06.36 126.3970  8.8790  61.8 4.3
2002 02 12 20 26 27.55 121.1210 19.2620  33.6 5.0
2002 02 23 15 28 50.93 126.4570  4.0290  52.2 4.6
2002 03 06 14 36 56.92 124.7250  5.7460  27.4 5.0
2002 03 06 20 26 51.95 126.8450  6.6540  72.2 4.7
2002 03 07 10 37 22.44 124.4760  5.9320  64.5 4.8
2002 03 10 05 24 10.64 122.1090 20.2050  28.1 5.4
2002 03 10 13 44 11.89 124.3470  5.9070  50.7 4.6
2002 03 14 06 12 54.23 126.8350  6.4490 117.1 4.8
2002 03 27 17 23 10.74 126.6970  6.5040  52.4 4.6
2002 03 29 21 13 14.27 124.6260  5.7110  31.1 4.5
2002 04 07 01 03 56.62 117.0970  7.2110  15.5 4.8
2002 04 13 13 27 18.18 120.6430 18.1690  56.0 4.9
2002 04 20 08 43 25.03 125.9260  4.9280 119.3 4.4
2002 04 22 10 58 35.96 125.6480  5.6440 151.4 4.5
2002 05 08 19 06 18    120.7560 13.8610 171.2 4.2
2002 05 19 01 26 56.53 126.5280  5.8890  69.1 4.6
2002 05 19 17 18 13.88 126.3970  6.6550  55.7 4.5
2002 05 19 17 46 44.64 126.6330  7.8670  71.8 4.4
2002 05 22 09 40 36.49 125.5080 12.2050  54.4 4.8
2002 05 22 15 16 23.38 125.6410 12.2070  45.8 4.3
2002 05 22 17 20 13.73 126.4530  4.0890  61.4 4.6
2002 05 22 20 39 46.40 126.5310  4.0620  27.7 5.0
2002 05 22 23 49 15.86 126.4500  4.0560  28.0 5.0
2002 05 23 14 24 49.74 126.5560  4.1250  37.3 4.9
2002 05 25 18 38 25.70 122.0030 19.7760  29.5 4.7
2002 05 26 06 51 40.99 126.5270  4.1320  48.8 4.8
2002 05 29 01 36 25.11 126.0400  4.7460 107.0 4.3
2002 06 01 04 10 17.47 120.4440 17.9650  50.4 4.5
2002 06 01 13 14 28.43 125.5950 12.2020  48.6 4.5
2002 06 02 18 05 57.52 126.7980  5.2770 105.4 4.6
2002 06 05 03 00 27.05 126.4530  8.5760  60.5 4.4
2002 06 09 16 32 57.81 125.8920  6.0960  79.5 4.9
2002 06 19 16 31 06.11 125.2070 10.0060  33.7 4.3
2002 06 20 03 16 33.08 123.1240  8.8570  22.8 4.6
2002 06 25 11 36 23.04 125.9470 11.2450  71.3 4.4
2002 07 12 07 09 38.36 119.9990 14.9440  73.1 4.4
2002 07 19 09 46 47.86 127.0640  5.6690  77.6 4.5
2002 07 26 18 16 51.70 126.3040  4.1800 111.4 4.4
2002 07 27 21 28 19.84 121.2120 19.1620  46.0 4.8
2002 07 29 07 13 40.11 126.4520  6.3680  39.6 5.5
2002 08 05 16 34 55.09 120.2480 14.6230  96.5 4.7
2002 08 13 06 25 45.88 125.3410  4.9030 189.1 4.4
2002 08 16 12 29 20.52 126.6490  8.3200  55.8 4.7
2002 08 17 04 31 45.39 120.5610 18.8680  39.1 4.4
2002 08 28 17 30 59.56 126.4560  6.4580  77.4 4.7
2002 09 08 22 24 14.47 126.6200  9.1790  56.1 4.3
2002 09 16 00 51 23.04 125.4930 12.6520  24.8 4.8
2002 09 16 01 04 53.89 125.2420 12.4910  65.0 4.5
2002 09 19 23 56 33.42 121.4560 13.4580  23.1 4.6
2002 09 26 01 53 01.74 121.3960 20.1060  44.5 4.6
2002 09 30 12 50 09.65 125.7680  4.1600 166.9 4.5
2002 10 02 21 52 45.27 125.5090  5.4740 221.2 4.2
2002 10 10 08 03 06.93 121.6070  7.7150  20.2 4.5
2002 10 12 00 52 24.62 126.6100  8.5350  55.2 4.5
2002 10 15 14 20 33.93 121.1660 21.1740  29.4 4.4
2002 10 18 04 04 52.70 126.3290  6.8460  60.9 4.7
2002 10 24 16 57 47.65 126.5590  6.1370  91.4 4.4
2002 10 25 20 51 48.55 127.4290  4.9810 109.9 4.6
2002 10 28 14 49 00.70 122.0190 19.8740  27.0 4.5
2002 11 03 04 03 18.74 126.5630  8.4740  81.9 4.7
2002 11 16 23 00 04.08 126.9630  7.3320  25.4 4.8
2002 11 21 00 42 04.79 125.7960  5.7690 167.7 4.8
2002 11 26 05 49 47.29 121.6230 21.2460  59.0 4.7
2002 11 29 10 21 48.32 126.0700  5.7010 137.2 4.5
2002 11 30 00 11 30.03 124.3060  5.1040  22.9 4.6
2002 12 01 16 52 17.19 126.4680  5.1210  81.1 4.5
2002 12 08 22 58 42.61 125.9400 10.6920  63.6 4.6
2002 12 17 18 31 33.74 126.1640  6.5670  82.3 4.4
2002 12 18 11 39 53.17 126.5810  9.3130  31.5 4.8
2002 12 23 13 36 05.16 126.0000  5.3350 114.3 4.7
2003 01 04 18 43 52.44 126.3490  9.5660  55.5 4.5
2003 01 09 13 37 07.69 126.2230  9.6750  64.5 4.7
2003 01 11 05 04 37.84 124.7280  5.8110  74.9 4.4
2003 01 13 08 32 07.27 120.5430 19.0070  20.0 4.8
2003 01 13 23 33 20.58 127.4860  4.8910 111.3 4.7
2003 01 22 11 06 03.57 125.5410  5.1260 190.6 4.3
2003 02 15 05 48 01.48 123.8870 12.1660  15.3 5.3
2003 02 15 19 14 18.26 125.6920  6.0780 138.0 4.6
2003 02 18 13 01 21.44 127.0220  5.6100 125.5 4.5
2003 02 20 13 56 46.92 121.3040 20.1110  27.6 4.3
2003 03 02 17 57 25.82 121.7760 15.5280  22.7 5.0
2003 03 04 21 56 03.58 125.0340 12.6170  53.7 4.4
2003 03 06 17 11 01.99 125.5030 11.2640  71.0 4.5
2003 03 06 19 39 34.78 123.8340  6.5880  51.9 4.7
2003 03 08 23 14 28.05 126.9330  7.4450  20.1 5.1
2003 03 10 23 11 03.41 126.1310  5.8950 110.8 4.5
2003 03 11 23 05 20.23 120.6150 14.0790 136.4 4.2
2003 03 13 00 01 46.67 126.2650  7.9110  36.2 4.8
2003 03 15 15 46 10.04 125.9810 10.9200  63.5 4.5
2003 03 17 16 27 36.94 126.7390  5.4370  59.8 4.5
2003 03 18 13 47 30.86 120.5960 18.8440  35.8 4.3
2003 03 22 12 51 59.83 125.5660 12.0450  53.5 4.5
2003 03 23 09 53 36.73 120.5970 14.2220 148.3 4.5
2003 03 25 04 56 53.20 120.2720 16.7280  77.2 4.5
2003 04 07 08 55 40.96 126.8600  5.5630  60.5 5.1
2003 04 07 17 43 27.51 121.1780 18.9470  50.7 5.3
2003 04 10 15 58 12.86 120.9690 18.4850  63.8 4.1
2003 04 11 23 52 36.67 126.6990  7.6490  53.4 5.1
2003 04 20 05 24 48.05 126.5680  4.7730  87.1 4.9
2003 04 25 08 41 22.57 126.3670  5.6930 142.1 4.2
2003 04 26 00 18 44.15 126.2440  8.9700  75.2 4.4
2003 04 26 15 09 43.01 125.5320  6.0110  87.2 4.9
2003 04 27 02 00 31.45 125.7010 12.0410  58.2 4.4
2003 04 30 16 29 23.72 126.7400  7.0170  69.8 4.4
2003 05 01 12 08 55.09 120.0550 13.8630  54.4 4.6
2003 05 03 12 59 18.14 125.9150  4.9200 114.6 4.4
2003 05 12 08 51 44.94 126.9480  6.2720  83.4 4.4
2003 05 17 15 19 19.73 125.0690 13.8330  36.9 4.6
2003 05 19 23 04 57.52 121.4100 20.1220  39.7 4.5
2003 05 23 02 24 45.17 124.1520 11.9380  16.0 5.0
2003 05 23 14 02 38.50 124.1240 12.0240  16.5 4.3
2003 05 30 19 48 12.69 126.4440  6.2190  72.8 4.8
2003 06 05 03 35 01.07 125.8830  5.4620 117.3 4.5
2003 06 08 06 12 09.56 121.3680 19.8860  48.2 5.4
2003 06 14 13 05 33.08 125.9210  9.5670 104.1 4.4
2003 06 14 15 07 28.39 121.1710 21.3250  31.9 4.4
2003 06 15 23 04 57.59 124.0980 12.0700  17.9 4.4
2003 06 16 18 25 05.55 123.9520  6.7190  52.9 4.9
2003 06 17 08 04 15.76 120.7100 14.0430 138.7 4.2
2003 06 23 10 47 04.83 125.8320  5.9390 176.2 4.3
2003 06 25 21 40 59.11 126.4200  9.0980  54.7 4.6
2003 06 26 00 19 06.98 126.7810  4.7320  59.2 5.3
2003 06 26 18 27 12.21 121.9320 20.5300  15.0 4.2
2003 07 01 03 01 26.37 121.4380 21.2590  69.4 4.3
2003 07 01 17 00 24.98 124.9220 12.8650  38.0 5.6
2003 07 03 19 29 11.98 126.1280  5.6560 113.7 4.8
2003 07 07 19 59 06.06 122.0620 20.5010  18.0 5.0
2003 07 07 20 50 54.05 121.9860 20.5360  19.1 4.3
2003 07 07 22 27 31.69 121.9940 20.4650  17.7 4.3
2003 07 09 15 25 31.42 126.5080  5.3270  59.5 4.5
2003 07 11 13 53 28.27 122.0160  9.3280  48.5 5.6
2003 07 14 15 59 58.13 126.4970  6.4390  44.3 5.1
2003 08 04 20 54 32.83 126.3960  6.0100  25.0 5.1
2003 09 05 18 46 31.16 121.7290 20.0890  69.0 4.2
2003 09 24 01 08 33.98 120.5910 21.9250  34.0 4.6
2003 09 28 10 46 45.59 119.4460 17.8640  38.3 4.6
2003 10 08 04 47 10    126.8270  7.6590  79.2 4.6
2003 10 13 09 36 16.07 125.7040  6.2580 131.2 4.5
2003 10 27 12 48 01.77 125.0950 10.4840  41.9 5.0
2003 10 29 17 04 58.50 126.4500  7.7640 150.9 4.2
2003 11 02 00 21 45.95 120.1890 13.9710  73.1 4.3
2003 11 14 13 23 32.56 126.4850  9.7830  66.9 4.6
2003 12 02 11 58 55.69 127.3880  4.7640  80.8 4.7
2003 12 04 06 53 28.23 126.6410  5.9910 122.0 4.9
2003 12 04 13 23 07.22 122.7100 15.1960  22.5 4.5
2003 12 06 05 41 21.12 125.8550 11.3620  15.7 5.0
2003 12 06 09 58 03.33 125.6930 11.3440  61.0 5.2
2003 12 19 13 05 32.95 124.4370 13.8470  43.7 5.2
2003 12 23 04 54 51.86 127.3450  5.0430 125.1 4.9
2003 12 23 10 31 30.75 126.6730  6.7020 173.7 4.8
2003 12 25 12 41 03.83 119.7120 14.9080  47.1 4.6
2003 12 26 17 42 58.80 127.0020  6.7380  69.3 4.6
2004 01 01 18 24 34.61 126.8880  4.9660  76.5 4.5
2004 01 05 03 33 45.04 122.3830 20.1800  37.6 4.5
2004 01 07 18 45 39.84 122.3110 20.1620  31.0 5.5
2004 01 12 13 32 48.80 122.4990 20.1280  35.2 4.3
2004 01 25 20 07 05.67 120.6830 15.7210 169.3 4.0
2004 01 28 02 49 56.04 126.0640  9.9060  53.0 5.3
2004 02 04 19 57 16.06 126.0960  5.6150 106.6 5.0
2004 02 08 13 37 08.66 125.6890  5.9760 199.2 4.8
2004 02 21 16 50 59.48 126.8780  6.5360  78.7 4.6
2004 02 26 02 42 03.14 120.6230 13.5950 119.2 4.2
2004 02 26 03 53 35.86 126.4790  5.7780 162.8 4.6
2004 02 26 17 25 56.84 123.3470  8.2150  15.3 5.1
2004 02 27 22 49 44.54 126.7610  5.6380 105.2 4.9
2004 02 29 10 15 13.92 125.4920 11.3860  54.1 4.5
2004 03 01 17 49 07.14 123.2930  8.1970  15.3 4.9
2004 03 05 07 06 03.10 126.5590  6.0540  73.0 4.9
2004 03 05 21 26 22.05 127.7390  4.7440  46.2 4.8
2004 03 08 22 02 30.23 125.3130 10.0610 226.7 4.5
2004 03 12 16 08 25.86 121.4600 20.1350  47.8 4.6
2004 03 15 17 52 18.27 126.3910  9.1370  63.1 4.5
2004 03 24 11 08 12.54 125.2780 10.0680 194.2 4.7
2004 03 26 14 48 49.37 124.7580  9.8390  41.7 4.6
2004 03 27 10 16 29.57 126.9490  6.5510  94.4 4.5
2004 04 07 19 54 55.67 127.7450  4.4450 107.0 4.2
2004 04 12 11 00 19.03 126.0360  8.6590 111.6 4.9
2004 04 15 12 44 38.84 125.7050  4.5370 198.8 4.6
2004 04 27 21 24 55.38 125.2620 10.0900  17.2 4.9
2004 04 29 07 29 03.82 125.7400 10.7680  56.4 4.3
2004 05 10 08 33 40.72 121.9860 11.9730  25.4 4.7
2004 05 16 11 01 15.49 126.2360  7.5730  17.2 5.5
2004 05 19 21 28 10.53 124.0140  9.9370  31.9 4.6
2004 05 21 06 10 23.06 126.4270  9.7980  57.2 4.5
2004 05 21 20 41 41.12 123.8140  6.8220  46.3 4.5
2004 05 27 06 19 36.78 126.3160  5.4990 144.3 4.5
2004 05 27 10 10 35.82 126.3710  6.4990  60.0 5.3
2004 05 29 14 56 12.40 127.1300  5.7240  81.1 4.4
2004 05 30 01 55 59.73 128.2170  4.3710  46.8 5.2
2004 05 31 23 04 09.51 120.6430 13.6330 143.0 4.2
2004 05 31 23 41 59.55 126.0880  5.8610 156.9 4.4
2004 06 03 04 02 18.02 127.7860  4.8970  40.6 4.5
2004 06 04 02 08 05.87 120.7920 15.4850 187.0 4.2
2004 06 08 11 04 43.59 126.0480  6.4980 108.7 4.5
2004 06 16 21 34 28.57 127.0040  5.5390 107.0 5.3
2004 06 16 22 40 48.80 125.9480  6.0320 154.5 4.8
2004 06 18 15 32 23.51 125.3830 11.3600  84.6 4.3
2004 07 01 04 32 15.35 124.7610  9.8370  48.6 4.8
2004 07 01 08 04 24.57 124.7630  9.8270  43.3 4.7
2004 07 01 14 46 37.50 123.1360 12.6740  23.5 4.3
2004 07 01 15 34 22.27 126.1630  8.7220  48.0 4.5
2004 07 01 18 44 03.66 127.3540  5.7090  70.8 4.3
2004 07 14 09 39 39.11 120.1300 14.6910  78.0 4.2
2004 07 16 03 27 16.95 119.9760 13.2730  20.8 4.9
2004 07 19 22 12 40.11 120.7380 14.1660 183.4 4.2
2004 07 20 17 11 44.95 126.4830  4.1500  68.7 4.2
2004 07 29 18 56 36.65 122.4840 20.1660  20.7 4.7
2004 07 31 19 34 23.14 125.7240  9.0360  16.2 4.9
2004 08 08 10 40 28.62 120.5370  4.6410  25.0 4.8
2004 08 09 20 36 15.33 125.4470  9.7760  15.8 4.9
2004 08 14 17 32 37.73 125.3160  4.9960 192.6 4.4
2004 08 18 20 31 40.59 121.3910 21.9810  78.1 4.1
2004 08 19 06 35 02.26 124.0620 13.8990  28.0 5.4
2004 08 20 17 13 20.59 126.0170  8.1420  21.3 4.9
2004 08 31 16 25 10.49 127.0630  7.2600  13.0 5.4
2004 09 04 09 46 51.43 126.6370  9.1470  23.2 4.9
2004 09 06 06 03 19.47 124.3410  5.9100  57.4 4.6
2004 09 06 15 31 36.19 126.5710  9.1680  35.7 4.7
2004 09 06 17 39 08.19 125.3980  4.7110 167.1 4.6
2004 09 07 07 04 07.89 124.2390  5.8140  18.0 5.0
2004 09 09 17 22 10.54 122.3220  9.3080  47.2 4.6
2004 09 10 01 14 49.53 122.2540  9.2520  29.1 4.6
2004 09 13 20 00 02.32 124.1940  6.2030  83.4 4.7
2004 09 23 11 53 01.52 126.5970  4.1280  59.1 4.6
2004 09 29 00 27 44.33 121.6240 20.9420  83.2 4.4
2004 10 02 05 55 27.25 123.2900  7.1500  27.0 4.2
2004 10 04 00 10 07.54 126.6340  5.4500  38.2 4.7
2004 10 08 20 34 09.10 120.5640 13.8240 106.2 4.4
2004 10 09 18 19 08.64 122.1320  7.9310  32.7 4.4
2004 10 11 03 37 20.10 120.6480 13.4520  71.4 4.6
2004 10 11 06 37 12.67 126.4590  5.3060  27.0 5.5
2004 10 11 08 58 49.73 119.3840 15.6210  13.0 4.8
2004 10 12 09 40 42.85 120.5240 13.7330 108.7 4.5
2004 10 15 11 44 52.24 122.3700 18.5680  18.7 4.9
2004 10 17 01 54 02.28 126.3340  5.2950  73.1 4.3
2004 10 18 12 01 09.96 126.2870  5.3560  59.7 4.3
2004 10 19 03 51 16.81 122.1110 20.7850 167.1 4.6
2004 10 21 13 45 51.55 126.8480  9.7790  24.7 4.8
2004 10 24 23 57 35.38 125.8240  6.1510 169.3 4.0
2004 10 25 22 29 04.73 123.4830  9.8910  19.0 4.7
2004 10 27 03 49 42.67 122.0720 21.1550 165.6 3.9
2004 11 12 12 05 38.57 125.5650 12.3150  63.2 4.5
2004 11 20 10 06 36.73 125.3430  4.9560 195.2 4.6
2004 11 25 18 53 50.38 126.8480  6.5790  62.0 4.6
2004 11 27 09 40 46.81 121.1860 19.6840  21.2 4.9
2004 12 03 15 25 06.62 126.5440  8.3380  94.9 4.1
2004 12 03 18 53 44.13 126.1130  5.5560 118.0 4.6
2004 12 10 21 35 31.60 126.9190  5.9110 144.6 4.7
2004 12 24 14 22 53.67 126.6640  4.9920  86.2 4.4
2004 12 28 07 47 14.23 120.2650 18.2910  34.3 4.6
2005 01 04 15 22 19.19 127.1020  5.6290 141.3 4.8
2005 01 11 04 55 18.33 126.5890  6.9680 175.8 4.8
2005 01 11 07 21 38.47 125.6450  9.0240  37.7 4.7
2005 01 13 00 07 19.17 126.3740  5.8290  24.0 4.9
2005 01 13 10 35 29.75 126.9820  8.3090  34.2 4.8
2005 01 14 15 29 57.25 126.3250  6.0730  69.3 4.7
2005 01 27 06 13 03.26 119.7290 15.5220  59.4 4.6
2005 02 06 09 27 58.95 125.0500 12.4360  37.5 5.0
2005 02 10 15 58 16.87 126.5130  9.4200  65.9 4.9
2005 02 10 19 07 51.23 126.7600  9.4890  44.4 4.4
2005 02 11 07 43 54    119.6080 16.1960  42.4 5.0
2005 02 15 14 42 27.48 126.4730  4.7310  56.8 6.1
2005 02 16 07 07 30.68 123.2020 12.6560  20.4 4.3
2005 02 19 20 41 24.35 121.1930 19.3160  54.4 4.4
2005 02 20 04 52 47.85 126.3950  9.6760  24.9 4.9
2005 02 25 16 17 00.63 123.2780 12.7010  12.2 4.8
2005 03 11 09 58 26.30 126.4720  9.1890  61.9 4.7
2005 03 11 14 19 37.94 126.1660  8.5790  28.8 4.6
2005 03 16 07 08 44.28 125.5380  5.8530  89.2 4.5
2005 03 20 20 28 48.12 125.5030 12.0340  53.9 4.5
2005 03 22 15 53 36.88 121.5760 18.7690  99.9 4.3
2005 03 30 18 55 24.07 125.4780 12.3190  52.3 4.5
2005 03 31 06 29 35.07 126.4730  9.3110  66.8 4.8
2005 03 31 07 09 44.84 126.5980  9.2880  53.8 4.5
2005 03 31 12 25 32.77 124.3210  9.6140  19.5 4.7
2005 04 02 02 21 16.29 120.7930 15.6960 194.8 4.0
2005 04 14 07 58 05.33 126.0000  9.5680  77.2 4.2
2005 04 14 16 25 17.61 120.0820 13.6770  30.4 4.8
2005 04 16 01 35 31.96 120.7870 13.6190 153.2 4.3
2005 04 18 15 17 20.14 121.9110 20.9190 117.8 4.2
2005 04 19 11 44 41.68 122.4380 19.7270 171.4 4.5
2005 04 20 23 19 17.82 121.1580 19.1810  54.6 4.6
2005 04 21 21 20 25.45 128.0000  4.4670  63.2 4.7
2005 04 28 13 11 15.23 126.7100  6.1550 125.6 4.5
2005 05 07 19 36 18.81 126.5420  6.3830  96.6 4.4
2005 05 11 11 54 17.81 120.5530 14.0820 145.6 4.0
2005 05 20 21 29 24.02 126.3150  9.8550  61.1 4.2
2005 05 21 23 28 46.86 125.4450  5.5000  78.8 4.4
2005 05 25 22 58 33.45 123.9430 14.8460  26.6 4.8
2005 06 04 14 28 32.57 120.6410 13.5510  15.4 4.6
2005 06 04 17 33 52.77 124.0610 13.1530  21.4 4.4
2005 06 08 23 21 21.69 126.3080  5.4570  72.1 4.4
2005 06 09 03 45 17.47 126.8400  5.1870  94.7 5.2
2005 06 12 09 48 39.77 127.8920  4.1790 124.7 4.5
2005 06 17 01 32 54.78 121.1280 21.2780  39.1 4.5
2005 06 17 02 26 55.12 121.1100 21.2640  32.0 4.7
2005 06 22 06 30 15.74 126.3750  9.6870  47.9 5.2
2005 06 29 20 18 13.52 120.1250 21.2620  16.5 4.4
2005 07 11 03 47 53.75 125.9070  9.4840  50.7 4.5
2005 07 14 22 53 47.90 122.5090 10.5820  35.7 4.8
2005 07 23 15 55 28.11 121.1710 19.1280  52.8 4.6
2005 07 24 10 41 07.84 120.4850 15.3290 145.3 4.2
2005 07 27 02 55 04.25 126.2440  8.5830  94.9 4.5
2005 07 28 11 26 55.82 125.7430 11.8130  43.3 4.8
2005 08 01 05 57 19.97 121.2210 20.8690  38.6 4.4
2005 08 06 05 49 31.96 125.7440  5.9000 125.2 4.4
2005 08 06 11 58 43.55 125.9000 11.8500  24.0 4.9
2005 08 06 13 01 26.30 125.9290 11.8500  21.0 4.9
2005 08 11 07 37 53.43 125.6330  9.9660 156.8 4.6
2005 08 11 08 35 27.34 126.0410 10.9490  49.0 4.4
2005 08 20 09 17 29.08 126.9020  6.5830 187.8 4.2
2005 08 27 10 58 03.14 125.6680  5.6620 183.7 5.3
2005 09 01 01 00 40.20 121.1560 19.2970  30.2 4.6
2005 09 01 10 53 18.53 126.3170  5.6520 113.0 4.6
2005 09 09 00 08 10.39 125.1970  4.6890  46.4 4.6
2005 09 14 14 29 07.61 126.5740  5.6120 100.4 4.6
2005 09 21 21 10 33.37 124.0210  6.3420  51.7 4.5
2005 09 22 00 12 05.07 123.0180 12.7500  30.2 4.6
2005 09 26 04 52 47.39 127.8600  4.2920 139.6 4.7
2005 09 28 09 02 44.36 121.0940 19.2490  41.8 4.4
2005 10 03 13 14 59.61 127.0480  7.3570  55.2 4.6
2005 10 07 13 20 32.56 123.8320 13.5190  22.2 4.3
2005 10 12 22 18 15.53 120.1240 21.3070  14.5 4.8
2005 10 23 08 41 58.18 119.8220 17.0830  29.1 5.0
2005 10 27 15 19 09.57 120.5130 13.5940  15.2 4.6
2005 11 01 04 18 34.69 120.5860 17.9560  62.7 4.1
2005 11 07 11 09 26.13 120.8390 18.2810  73.4 4.3
2005 11 16 09 14 44.84 121.7420 21.7820 136.8 4.5
2005 11 19 17 55 10.35 125.8540  6.2210  97.7 5.3
2005 11 24 19 57 26.64 125.1400  7.8150  20.1 4.7
2005 11 29 23 46 59.77 123.9140  6.1550  15.9 4.6
2005 11 30 04 21 33.35 120.6180 13.7240 122.6 4.6
2005 11 30 17 18 59.65 123.9840  6.2800  43.3 4.4
2005 12 07 06 34 48.44 125.3650 11.5440  70.9 4.3
2005 12 09 00 34 31.87 126.2580  6.4490  81.3 4.4
2005 12 09 01 01 25.73 125.4600  5.7290  85.9 4.8
2005 12 11 16 23 36.19 120.5660 14.0950 199.2 5.1
2005 12 16 06 19 24.19 126.7650  6.7610  97.4 4.4
2005 12 19 16 05 12.57 124.9980  6.0460  52.4 4.5
2005 12 23 18 37 35.41 126.1530  9.4610  69.8 4.3
2006 01 03 17 58 37.78 125.5490  4.6330 178.5 4.8
2006 01 08 20 09 12.88 119.6070 16.1660  56.5 4.2
2006 01 09 00 09 20.37 125.7500  9.0680  25.0 4.2
2006 01 11 05 03 20.29 126.5680 11.1990  39.5 4.3
2006 01 13 18 58 30.45 125.8500  5.8510 118.9 4.5
2006 01 23 14 15 59.29 126.3640  8.8480  72.9 4.5
2006 01 25 15 34 49.59 121.4690 17.8590  28.6 4.9
2006 01 29 00 03 09.50 126.2240  6.2390  95.4 4.5
2006 02 01 15 13 36.31 126.1070  5.5570 121.9 4.4
2006 02 03 14 44 11.48 120.6030 13.7080 104.0 4.3
2006 02 11 02 27 17.25 121.7870 15.4780  21.7 4.4
2006 02 13 13 03 26.28 126.8770  5.7710 129.4 4.2
2006 02 17 23 12 15.99 125.3550  5.5060  65.2 4.3
2006 02 18 02 47 15.76 126.8260  9.1720  22.1 4.8
2006 02 18 18 59 13.29 126.8740  9.1560  51.9 4.3
2006 02 24 00 33 59.90 128.2420  4.3270  26.5 4.7
2006 03 03 14 22 00.86 120.2680 13.5000  41.0 4.7
2006 03 10 13 11 57.14 128.2040  4.2710  68.8 4.3
2006 03 13 22 33 51.75 120.3740 15.0920 121.1 4.8
2006 03 14 22 37 14.77 126.4380  9.7510  59.1 4.3
2006 03 20 19 28 41.27 126.6030  5.4000  84.5 4.5
2006 03 27 23 43 36.44 121.3760 12.0870  14.0 5.3
2006 03 30 21 18 41.83 120.0560 13.9100  57.3 4.5
2006 04 01 01 01 47.16 127.6230  4.8740 105.4 4.5
2006 04 03 12 05 08.95 126.8580  5.8910  68.0 4.2
2006 04 05 22 14 39.41 125.7410  9.7730 128.4 4.4
2006 04 10 10 15 14.45 125.9830  5.7380 129.3 4.5
2006 04 14 18 08 12.37 125.6490  9.0670  24.5 4.3
2006 04 21 14 22 26.40 126.2010  6.7540  64.8 4.9
2006 04 24 12 34 42.97 126.3860  8.8880  67.3 4.3
2006 05 03 13 55 01.67 126.9570  5.9420 146.7 4.3
2006 05 07 01 53 01.63 120.7790 21.5780  24.4 5.3
2006 05 07 13 27 53.33 126.8490  5.0930  81.9 4.4
2006 05 10 02 02 21.11 124.6730 11.0780  15.6 4.5
2006 05 22 05 05 55.25 126.2030  5.7060 112.3 4.9
2006 05 25 17 47 26.35 126.9760  6.7930  71.1 4.8
2006 05 25 23 24 09.04 120.0040 20.5780  16.4 4.8
2006 05 27 23 57 00.32 120.0320 20.7350  18.4 4.7
2006 05 28 01 19 35.24 119.9710 20.6950  14.5 4.7
2006 05 28 16 44 16.81 120.4990 13.7130  84.6 4.7
2006 05 30 03 37 49.54 125.1490 12.1620  65.2 4.8
2006 06 01 05 17 32.73 119.9010 14.9300  57.0 4.6
2006 06 02 17 40 20.77 126.2920  9.4360  63.2 4.4
2006 06 04 14 03 09.41 126.3890  8.8240  60.4 4.8
2006 06 05 00 39 03.90 121.8710 21.5640  20.1 4.7
2006 06 11 08 00 29.13 120.0370 20.6550  15.3 4.4
2006 06 12 19 16 17.05 125.5850  9.7390  79.6 4.2
2006 06 15 15 38 51.70 126.8000  6.0060 132.6 4.6
2006 06 19 05 47 49.96 125.5740 12.3650  20.2 4.9
2006 07 07 23 15 53.55 126.7280  6.6820 142.4 4.3
2006 07 10 03 54 52.03 119.9680 14.9750  54.8 4.7
2006 07 11 14 49 56.13 126.8050  6.4420  88.5 4.6
2006 07 30 15 15 09.90 125.4890  5.2480  67.5 4.5
2006 08 08 21 25 19.19 123.8430  6.8670  34.2 4.5
2006 08 10 03 28 32.49 120.2970 13.3780  55.9 4.4
2006 08 16 01 57 48.86 120.4320 13.5590  67.0 4.3
2006 08 29 20 04 09.52 127.0200  5.6960 140.3 4.6
2006 09 03 04 22 17.52 119.8190 14.9010  54.7 4.4
2006 09 10 15 01 44.31 119.8690 15.4040  62.5 4.4
2006 09 21 02 44 35.87 125.9750 10.3840  70.8 4.6
2006 09 27 00 09 39.26 126.6220  7.0760 117.0 4.4
2006 09 29 00 05 58.69 125.9420  9.6480  72.8 4.6
2006 10 02 13 26 24.25 120.8540 13.6600 128.8 4.3
2006 10 03 13 41 20.24 126.1160  6.5830 147.9 4.7
2006 10 04 03 53 38.51 126.5390  4.1530  28.5 5.4
2006 10 04 04 24 29.50 126.4680  4.0640  28.0 4.6
2006 10 05 02 49 12.66 126.8670  5.4420 124.5 4.5
2006 10 05 17 41 34.23 126.0910 10.1150  45.0 5.0
2006 10 09 10 57 07.04 120.0540 20.7090  23.5 4.7
2006 10 09 12 39 14.80 120.0340 20.5550  10.2 4.7
2006 10 10 01 04 26.10 119.9970 20.5410  19.4 4.6
2006 10 10 22 25 49.70 120.0260 20.7780  30.1 4.2
2006 10 11 05 11 30.95 120.1740 20.7340  41.0 4.5
2006 10 11 05 12 36.16 119.9530 20.7070  32.4 4.5
2006 10 13 01 51 23.94 119.9620 20.7590  18.7 4.6
2006 10 20 09 59 21.27 121.4240 19.8710  28.0 4.5
2006 10 21 18 27 48.17 121.2930 13.3520  17.8 4.9
2006 10 21 19 18 57.43 121.3840 13.4150  14.4 4.5
2006 10 22 15 48 23.84 121.4840 13.3730   8.6 4.6
2006 10 23 01 40 17.04 125.2260  4.8440  17.8 5.0
2006 10 23 05 15 54.85 125.3250  4.8960  18.2 4.9
2006 10 24 03 03 45.61 125.3630  4.9600  12.4 5.4
2006 10 26 00 41 09.39 123.7720 12.3460  16.5 4.8
2006 10 29 01 08 00.72 127.3510  5.3600 167.1 4.5
2006 10 31 06 25 51.56 126.2290  6.4610 127.9 4.7
2006 11 04 06 18 58.11 126.2010  5.9090  43.8 5.2
2006 11 05 20 01 50.19 125.9830  6.1040  87.6 4.7
2006 11 09 15 43 54.31 126.0230  5.8780 121.1 4.9
2006 11 10 03 30 56.48 121.3120 19.9060  28.7 4.6
2006 11 13 14 16 23.99 126.1820  5.2500  92.6 4.8
2006 11 14 10 48 26.36 123.8720  6.5800  46.7 5.2
2006 11 15 03 52 26.35 127.3660  4.8870  67.5 5.5
2006 11 15 04 43 17.68 123.8480  6.5860  46.6 4.8
2006 11 21 01 08 57.45 120.2690 13.8280  75.1 4.6
2006 11 28 14 38 25.55 124.7830 13.2420  59.2 4.5
2006 11 29 00 47 59.88 124.2780  5.9010  21.3 5.0
2006 12 06 03 26 04.30 122.3080  9.5890  28.3 4.9
2006 12 09 08 26 44.80 121.5540 13.4450  24.8 4.6
2006 12 12 02 37 39.49 121.2430 19.0580  54.3 4.4
2006 12 12 09 37 38.14 125.9040  6.4140  97.5 4.9
2006 12 16 02 14 36.20 126.2890  5.3470  62.6 4.3
2006 12 19 23 55 59.10 125.8020 13.2940  48.6 5.3
2006 12 28 08 08 07.99 125.3240  4.9890 203.2 4.3
2007 01 06 10 54 07.27 125.9790 11.7640  23.4 5.0
2007 01 07 05 45 37.48 120.4430 21.7280  36.7 4.3
2007 01 13 09 51 00.12 121.5490 21.1990  70.0 4.9
2007 01 15 20 59 40.52 126.6190  5.6710  23.1 4.9
2007 01 16 04 36 20.04 126.2130  8.9310  80.8 4.7
2007 01 17 22 44 39.67 124.6600 11.3350  12.4 4.0
2007 01 18 05 40 49.05 126.1980  9.6470  66.4 5.2
2007 01 21 22 58 44.16 126.1730 10.0050  68.4 4.5
2007 01 25 08 11 58.04 121.9930 21.0310  20.5 4.5
2007 01 31 08 19 33.01 126.1510  4.0060  76.4 4.6
2007 02 02 18 52 21.24 120.5940 13.7060 115.9 4.6
2007 02 03 17 35 19.25 121.7560 21.9120  12.5 4.5
2007 02 06 17 16 18.43 124.9320  7.6590   6.1 4.3
2007 02 07 22 23 01.46 126.5180  5.6750  75.1 4.3
2007 02 11 14 49 27.15 125.3460  5.1090 202.6 4.5
2007 02 12 12 45 32.36 126.2200  5.5240  32.0 5.9
2007 02 14 11 41 38.08 126.3180  9.0080  70.1 4.2
2007 02 16 07 15 54.12 126.3210  6.6310  77.6 4.7
2007 02 17 02 43 14.96 126.3680  5.5720  66.6 4.1
2007 02 18 10 00 43.41 125.2130 10.3860  19.4 4.4
2007 02 19 11 13 07.89 126.2830  5.5570  67.4 5.4
2007 02 26 22 33 42.20 126.4360  5.4470  62.1 4.5
2007 02 28 17 02 31.29 126.6480  5.5280  75.8 4.7
2007 03 03 10 58 20.50 122.0660 20.8660  34.3 4.5
2007 03 07 16 03 45.62 125.8610  6.2400  90.4 4.3
2007 03 08 05 19 28.74 126.8760  4.0630  75.1 4.6
2007 03 11 03 36 50.75 126.6390  4.7070  93.1 4.4
2007 03 12 17 49 55.53 121.9760 19.8540  16.1 4.9
2007 03 13 05 50 08.70 126.8500  4.2330  21.1 5.2
2007 03 13 05 57 16.80 126.8900  4.1380  28.1 5.1
2007 03 15 06 07 56.36 126.9520  4.1420  18.9 5.3
2007 03 16 11 17 46.08 126.3780  9.8170  60.2 4.8
2007 03 16 11 35 02.75 126.2610  9.8120  71.8 5.0
2007 03 16 17 40 13.66 126.1040 10.3960  60.7 4.2
2007 03 20 03 10 31.64 126.3020  9.2210  46.0 5.5
2007 03 23 18 06 01.04 125.7000  5.1630 131.7 4.4
2007 03 26 11 17 07.96 126.2370  6.6820  62.7 5.0
2007 03 26 11 50 37.34 126.2790  9.1960  71.7 4.3
2007 03 28 17 45 00.41 126.7030  6.7050  80.4 4.3
2007 04 20 02 48 06.42 122.1410 20.1800  46.4 4.6
2007 04 21 00 32 26.03 122.1710 21.2120  15.1 5.2
2007 04 21 17 08 29.15 120.4410 21.6940  19.0 4.5
2007 04 22 01 04 13.04 120.7600 13.6870 113.4 4.2
2007 04 24 13 43 12.82 120.8550 18.4900  73.9 4.4
2007 04 26 12 01 27.20 123.4150 12.5280  54.0 4.7
2007 04 26 12 04 31.71 123.3940 12.5310  16.3 4.7
2007 05 04 09 25 13.83 126.2630  9.1900  69.0 4.8
2007 05 07 15 25 08.90 120.1090 17.3810  59.6 4.2
2007 05 10 00 49 18.66 125.8140 12.7710  16.1 4.6
2007 05 11 14 56 09.96 121.6010 20.4980  35.5 4.4
2007 05 11 23 00 36.13 126.8630  8.8930  22.9 5.1
2007 05 14 23 51 38.48 125.5670 12.1230  51.5 4.8
2007 05 15 13 17 40.96 120.7570 13.5360 150.9 4.3
2007 05 21 16 56 31.07 125.6460  9.2000  32.8 4.4
2007 05 22 22 46 35.13 124.5610 11.2770  18.0 4.6
2007 05 31 13 39 57.47 120.7160 21.7800  32.8 4.5
2007 06 03 10 09 51.63 122.6720 13.6940  18.2 5.0
2007 06 12 22 25 03.51 126.8180  9.1120  50.4 4.4
2007 06 12 22 27 30.57 126.6170  9.0450  63.2 4.5
2007 06 14 14 49 55.55 125.3010 10.3910  17.8 5.4
2007 06 19 18 16 44.47 126.3860  9.0600  65.2 4.7
2007 06 25 05 28 19.97 123.8710  6.8160  20.4 5.1
2007 06 26 20 36 49.42 125.1660  5.5580  53.4 4.8
2007 06 26 22 54 17.43 126.8590  7.0470  64.6 4.5
2007 06 28 22 05 12.70 124.8420 11.0970 195.2 4.3
2007 07 08 13 44 23.28 126.4450  6.0100  56.2 4.7
2007 07 13 00 17 08.97 123.2380  9.3250  11.7 4.5
2007 07 13 00 18 07.28 123.2600  9.2240  10.0 4.7
2007 07 18 18 47 55.12 126.1490  9.9200  72.3 4.9
2007 07 19 15 13 11.89 125.2950 10.4210   6.5 4.4
2007 07 26 22 26 11.83 125.5190 11.3650  55.4 4.1
2007 07 30 12 45 50.62 120.9980 21.1760  32.0 4.4
2007 08 14 21 50 15.66 126.6500  4.0460  69.6 4.9
2007 08 18 07 28 30.90 124.6000  5.8660  90.9 4.3
2007 08 20 23 04 27.53 124.2550  4.8800  52.4 4.9
2007 08 21 19 07 04.08 123.8230  7.0890  38.5 4.8
2007 08 30 16 42 08.75 120.2260 20.3340  27.6 4.4
2007 09 01 14 28 05.30 127.0390  6.9070  64.2 4.5
2007 09 01 14 36 36.20 126.8870  6.9020  76.7 4.3
2007 09 06 20 20 46.22 125.4890  5.7590  73.3 4.8
2007 09 08 20 26 45.76 119.9500 15.0670  58.2 4.2
2007 09 11 01 56 01.90 127.4720  4.8390  57.2 5.3
2007 09 14 06 08 17.80 121.3660 19.9130  51.3 5.0
2007 09 20 03 31 09.10 121.2630 19.3530  30.6 4.8
2007 09 20 15 34 46.82 127.0480  4.8600  62.0 4.6
2007 09 20 16 57 51.09 126.9390  4.8740  75.3 4.4
2007 09 22 04 57 25.62 125.5590 12.3210  47.1 4.8
2007 09 25 21 19 09.24 125.7140 12.0270  52.4 4.9
2007 09 25 21 54 55.60 126.6140  8.0000  56.8 5.1
2007 09 26 02 47 15.11 126.6990  9.3430  54.3 4.2
2007 09 26 02 49 52.02 126.5550  9.3450  59.8 4.7
2007 09 27 15 35 27.48 125.5980  9.1390  36.4 4.6
2007 09 29 06 42 38.93 127.4050  5.9680  61.6 5.6
2007 09 29 14 01 19.45 126.4960  9.8840  49.2 4.5
2007 09 29 23 56 50.86 121.3790 19.9510  45.1 4.7
2007 10 02 00 40 42.27 120.8170 13.5410 127.1 4.5
2007 10 05 23 03 58.58 126.7950  9.2670  65.5 4.7
2007 10 07 18 30 39.34 125.4930 12.2620  61.5 5.1
2007 10 10 07 36 52.26 126.5740  5.6850  74.1 4.5
2007 10 11 04 14 02.96 126.7830  7.0420  68.0 4.3
2007 10 11 22 32 36.43 126.9440  5.5700  67.3 4.7
2007 10 12 20 47 14.42 125.3570  5.7950  65.8 4.6
2007 10 14 10 48 48.80 122.6930 16.7530  24.1 4.5
2007 10 20 19 25 31.52 126.4710  5.3440  30.9 5.0
2007 10 25 07 15 50.62 126.5970  5.3030  65.8 4.5
2007 10 27 22 15 36.53 124.3790 11.4710  20.0 4.5
2007 10 29 03 22 25.63 122.3010 17.9810  24.6 4.9
2007 10 29 23 03 51.88 126.1600  5.3010  65.6 4.4
2007 11 05 03 12 27.81 126.8560  7.4120  63.4 4.7
2007 11 06 18 27 15.92 121.7100 20.0530  63.2 4.4
2007 11 07 04 12 34.17 124.6440  9.8260  26.6 5.0
2007 11 09 20 25 09.55 121.0550 18.6960  27.1 4.8
2007 11 15 00 59 28.31 121.2290 19.6280  38.3 4.1
2007 11 15 20 30 26.76 126.5180  5.3490  24.2 4.9
2007 11 17 01 06 02.95 126.3140  8.9370  73.1 4.2
2007 11 17 15 02 36.21 126.8540  5.9250  80.3 5.5
2007 11 28 14 43 45.92 120.6760 13.8490 131.0 4.2
2007 11 29 09 03 17.20 127.8200  4.4410 130.0 4.9
2007 12 01 22 53 29.43 122.4850 18.3330  19.5 4.8
2007 12 04 16 09 40.19 126.2410  6.0200 106.6 4.8
2007 12 06 17 46 53.31 120.6160 13.8340 125.1 4.3
2007 12 09 05 22 08.71 125.4990 12.3790  19.1 5.2
2007 12 12 15 22 18.73 119.8430 15.3830  59.0 4.8
2007 12 12 19 58 42.41 125.6980 12.5260  35.6 4.5
2007 12 18 17 12 18.84 126.7820  5.7700 101.6 4.8
2007 12 21 11 18 54.80 119.8090 14.9000  60.8 4.5
2007 12 23 15 47 22.81 125.4040  4.0690 186.1 4.7
2007 12 25 00 07 28.23 119.9510 13.7450  40.5 4.7
2007 12 27 17 52 12.30 126.2920  9.6820  37.4 5.5
2008 01 05 06 02 22.98 124.6300 14.3710  13.5 5.0
2008 01 05 06 18 45.32 124.6310 14.3050  13.4 5.2
2008 01 07 07 46 25.37 125.4800 12.3730  20.0 5.2
2008 01 07 18 25 01.38 126.6810  7.3490  81.1 4.4
2008 01 11 02 07 38.44 120.6640 13.7040 122.7 4.3
2008 01 12 08 57 42.39 126.1670  5.2430  87.1 4.7
2008 01 12 10 13 20.48 126.9960  4.2360  23.8 5.2
2008 01 13 18 46 16.98 125.9580  9.9600  82.1 4.1
2008 01 14 21 24 29.63 126.4520  9.7280  70.0 4.7
2008 01 14 21 49 26.46 126.4620  9.7180  70.5 4.5
2008 01 15 00 16 18.90 125.2420  6.1800 120.9 4.6
2008 01 15 14 26 21.79 126.8090  6.1410 120.1 4.6
2008 01 19 21 45 31.95 125.3950 11.7600  57.3 4.4
2008 02 03 22 31 10.45 126.4400  4.1400 103.7 4.7
2008 02 04 03 32 29.04 122.4960 18.1790  18.8 4.7
2008 02 13 03 46 13.87 126.3880  9.1280  73.6 4.5
2008 02 14 19 51 00.81 126.0060  5.4750 106.1 4.9
2008 02 16 14 49 03    120.5050 13.2810  53.6 4.8
2008 02 26 17 13 29.89 126.8370  8.5240  24.1 5.0
2008 02 26 23 51 43.16 127.1140  5.7460  74.6 4.4
2008 02 29 02 32 42.82 126.6690  8.4110  71.6 4.5
2008 03 03 20 06 47.45 125.5100 13.5910  17.4 5.0
2008 03 05 16 10 51.46 125.5360 13.4430  22.2 4.5
2008 03 07 07 58 26.75 125.4390 13.2360  21.5 4.8
2008 03 07 18 37 28.87 127.3530  4.9920 120.5 4.5
2008 03 10 19 18 15.54 121.0360 19.2780  48.6 4.5
2008 03 10 23 49 07.66 125.8550  4.6610 178.2 4.3
2008 03 11 15 47 03.12 125.4680 12.3120  52.1 4.5
2008 03 13 11 03 13.65 125.1600  6.8520   3.5 4.5
2008 03 15 16 42 33.30 125.3830 12.9690  19.7 5.0
2008 03 21 17 40 27.24 125.8850 13.0900  12.5 4.9
2008 03 25 00 24 32.90 126.0670  9.5170  82.3 4.1
2008 03 28 22 41 33.73 121.9700 20.2800  18.1 5.5
2008 03 30 15 12 48.37 122.1070 20.1090  39.8 4.3
2008 04 01 01 31 31.35 122.1120 20.1760  15.7 5.0
2008 04 01 01 57 46.55 122.1400 20.1640  36.4 4.6
2008 04 01 12 53 58.88 122.1000 20.1780  17.8 4.7
2008 04 01 13 09 20.65 122.2260 20.1270  16.7 5.0
2008 04 01 23 09 02.89 125.4900 13.6210  19.3 4.8
2008 04 03 00 49 06.54 121.5920 19.9320  42.3 4.1
2008 04 04 03 48 31.50 125.9880 11.0010  61.4 4.2
2008 04 06 21 17 50.58 122.1340 20.1020  23.5 4.6
2008 04 08 06 14 59.03 126.6220  8.3400  77.0 4.4
2008 04 17 13 30 08.67 127.4840  5.4410  54.8 5.1
2008 04 20 03 32 21.90 125.1550 12.9220  53.6 4.5
2008 04 25 04 21 20.92 121.2240 19.3020  51.5 4.4
2008 04 25 17 38 39.90 121.3810 19.9390  26.0 4.5
2008 04 26 20 06 59.86 127.6350  4.5610  70.4 4.7
2008 04 29 18 28 07.96 126.5380  8.4220  72.1 4.3
2008 04 30 19 22 27.89 120.4380 21.8070  32.9 4.3
2008 05 01 13 51 51.89 126.0250  5.8430 124.0 4.4
2008 05 02 17 56 28.57 126.4760  5.9720  61.8 4.5
2008 05 04 05 46 02.27 120.7270 13.9640 215.1 4.2
2008 05 04 07 34 47.20 125.3760  5.3610 233.2 4.5
2008 05 04 09 19 45.98 125.7470 13.3500  37.9 4.1
2008 05 04 13 31 21.07 127.9000  4.4040  59.9 4.7
2008 05 07 00 59 05.31 123.6500 12.6880  35.6 4.7
2008 05 07 02 17 19.41 120.5050 15.2690 146.0 4.8
2008 05 07 05 35 35.62 123.6590 12.7040  18.3 4.8
2008 05 13 14 14 28.42 122.3020 16.5380  19.9 5.1
2008 05 13 19 54 38.14 126.1120  5.7230 145.1 4.8
2008 05 13 21 48 27.91 122.3010 16.5240  17.7 5.2
2008 05 16 04 49 42.47 127.8890  4.6740  70.7 4.5
2008 05 18 11 24 13.55 120.9380 13.1070  37.0 4.6
2008 05 19 15 02 00.52 124.7230 12.4790  43.4 4.3
2008 06 01 02 18 24.94 121.4290 20.1680  52.1 4.1
2008 06 02 06 56 21.68 125.6550  9.0850  27.8 4.8
2008 06 02 07 03 57.17 126.2940  8.9810  73.7 4.6
2008 06 02 08 59 09.09 126.5700  7.5580 135.5 4.4
2008 06 05 22 12 56.59 121.4120 19.9180  31.3 4.3
2008 06 10 07 44 33.62 126.4940  5.2440  32.0 5.1
2008 06 10 18 35 30.34 126.4060  5.2880  59.0 4.7
2008 06 11 08 37 40.99 124.2280  6.5580  13.9 5.2
2008 06 11 19 38 21.80 124.7080 11.1770 199.7 4.0
2008 06 13 00 26 56.46 126.1240  5.2740  72.5 4.2
2008 06 18 06 20 13.50 122.3750 20.1240  44.3 4.2
2008 06 21 00 51 22.19 120.1410 20.4490  38.2 4.5
2008 06 25 06 40 40.96 125.7600 12.0670  15.3 5.2
2008 06 25 21 22 05.86 125.6520 12.0170  59.6 4.6
2008 07 05 17 08 31.14 121.4440 20.2070  44.1 4.4
2008 07 08 01 41 53.40 122.4300 15.3530  17.6 4.9
2008 07 10 02 04 30.45 126.6070  6.0880 100.3 4.7
2008 07 11 21 45 13.06 121.0980 21.1160  22.7 4.7
2008 07 13 15 46 43.84 121.1810 21.1750  16.0 4.4
2008 07 14 13 58 11.55 121.0900 21.1290  20.2 4.3
2008 07 15 13 00 10.39 121.1240 21.1140  18.3 4.6
2008 07 18 18 54 11.73 126.0700  6.1310 128.1 4.0
2008 07 21 13 06 54.30 121.1390 21.2410  24.3 4.5
2008 07 21 14 19 29.97 121.1300 21.2590  18.6 4.4
2008 07 22 12 49 47.55 126.8510  7.7080  82.2 4.3
2008 07 23 23 04 38.20 121.0890 21.3120  22.3 4.7
2008 07 28 22 17 11.30 127.5540  4.7130 145.1 4.7
2008 07 29 22 58 33.62 126.5310  5.6860 152.0 4.6
2008 08 01 02 21 35.36 118.6440 13.6730  18.2 5.0
2008 08 01 12 04 26.50 121.1770 21.2250  30.5 4.4
2008 08 04 08 35 12.56 127.6750  4.5210 140.4 4.4
2008 08 07 06 03 28.50 120.5380 15.1050 150.5 4.8
2008 08 08 00 57 23.52 126.8970  4.2460  35.7 4.4
2008 08 09 18 48 01.84 126.8770  8.5450  67.1 4.9
2008 08 17 20 46 46.46 124.3790 13.1140  13.6 5.2
2008 08 18 21 52 00.06 126.6530  5.3350  92.1 4.4
2008 08 20 09 37 29.82 119.8170 14.9370  29.3 4.7
2008 08 20 13 18 03.97 124.4040 13.1030  22.0 5.2
2008 08 30 12 04 49.24 124.3820 13.1340  22.7 5.1
2008 08 31 00 29 38.68 124.3660 13.0380  47.5 4.9
2008 09 07 04 58 54.01 126.5060  4.6840 107.1 4.4
2008 09 12 16 33 57.21 124.1660 13.1910  37.7 4.4
2008 09 16 09 18 56.83 127.0620  5.8080  71.9 4.7
2008 09 17 23 41 38.27 125.4320  6.3600 114.1 4.6
2008 09 27 03 04 53.16 120.4810 13.5000  16.6 5.5
2008 09 27 03 32 23.80 120.4720 13.3650  51.7 4.5
2008 09 27 05 35 35.72 120.4410 13.3110  48.7 4.5
2008 09 27 06 40 43.61 120.4450 13.4820  13.5 5.0
2008 09 27 06 56 37.93 120.3990 13.3730  46.1 4.7
2008 09 29 21 19 46.26 120.4400 13.4350  49.4 4.2
2008 10 01 18 04 25.19 120.3830 13.4860  14.1 5.3
2008 10 01 18 06 55.39 120.4980 13.4550  53.0 5.1
2008 10 01 23 24 05.96 120.3140 13.3780  19.0 4.3
2008 10 04 18 52 44.99 127.5280  4.7000  91.7 4.5
2008 10 06 16 20 56.78 124.3170 13.0820  18.7 4.7
2008 10 08 19 09 26.80 124.4090 13.0860  27.1 5.1
2008 10 09 17 45 13.90 122.2630  8.8360  24.0 4.2
2008 10 12 08 30 45.94 120.5280 13.4650  52.0 4.8
2008 10 20 15 40 57.81 126.0690  5.9890 147.3 4.3
2008 10 20 22 03 38.66 126.9100  5.7700 134.2 4.2
2008 10 24 18 15 25.20 121.3380 20.0710  41.4 4.3
2008 10 25 04 13 53.92 124.5160  6.7020  31.1 4.4
2008 10 27 15 37 44.07 120.3430 13.4450  13.6 4.8
2008 10 27 20 25 30.08 121.2280 19.1730  37.9 4.7
2008 10 28 04 16 02.62 120.1320 12.7690  23.2 4.8
2008 10 29 19 54 36.67 126.8730  4.2180  22.3 4.7
2008 10 29 19 59 30.63 126.6520  4.1450  67.7 4.5
2008 10 29 22 16 56.93 126.6900  4.2170  24.5 5.0
2008 11 01 05 10 34.17 126.0010 10.6220  68.4 4.4
2008 11 06 01 04 32.32 124.3590 13.0450  24.7 4.8
2008 11 06 07 45 59.42 124.4400 13.0730  26.0 5.0
2008 11 12 02 04 50.94 126.4090  7.0510  36.1 5.0
2008 11 14 20 17 02.39 121.1330 19.3080  23.8 4.6
2008 11 18 00 14 36.28 125.8550  4.1940 117.4 4.6
2008 11 18 08 37 44.14 126.0190  5.3390 119.0 4.6
2008 11 18 13 11 26.32 120.4440 13.4040  43.5 4.6
2008 11 18 19 22 38.67 126.5990  7.2290  97.5 4.4
2008 11 21 16 09 07.84 126.6250 10.2450  36.8 4.2
2008 11 28 11 03 54.92 120.4590 13.4710  60.7 4.9
2008 11 29 02 41 04.88 126.3760  8.7990  70.3 4.2
2008 11 30 17 39 22.52 126.9240  9.0740  57.8 4.4
2008 12 06 00 13 37.78 127.1040  5.1790 103.0 4.6
2008 12 06 10 30 02.71 120.5140 18.9370  37.8 4.6
2008 12 15 21 18 38.85 120.5990 12.7360  28.6 4.6
2008 12 20 03 17 35    126.1910 10.2570  59.1 4.2
2008 12 20 13 50 03.72 126.5220  8.9170  80.3 4.8
2008 12 20 15 43 02.66 126.7240  9.0490  20.6 5.1
2008 12 20 20 18 11.84 126.7070  8.9270  60.3 4.0
2008 12 20 21 00 45.86 126.6160  8.9180  78.5 4.7
2008 12 21 00 25 57.85 126.5730  8.8880  71.0 4.4
2008 12 21 21 22 02.88 126.6450  8.9930  65.8 4.5
2008 12 23 13 11 57.29 126.8100  8.8430  82.0 4.8
2008 12 23 15 02 27.75 126.8650  8.9000  62.2 4.3
2008 12 24 23 56 55.70 126.4560  8.4580  99.5 4.8
2008 12 25 15 01 08.07 120.5010 13.4340  41.3 4.4
2008 12 30 03 20 56.22 125.7860  5.4550 137.1 5.0
2008 12 31 22 44 11.34 126.0690  9.3810  79.9 4.5
2009 01 04 02 19 33.78 127.2840  4.9650  88.7 4.6
2009 01 09 07 28 43.02 119.6940 16.1880  33.2 5.1
2009 01 09 18 25 15.94 120.3150 13.3760  41.0 4.3
2009 01 11 15 53 01.26 126.8970  6.5470 105.8 5.1
2009 01 18 07 12 27.79 125.9640 10.0160  99.0 4.4
2009 01 18 08 15 38.69 121.2150 19.2810  33.5 4.7
2009 01 18 21 32 12.33 126.3160  5.5710 109.0 4.4
2009 01 19 17 28 57.91 127.1350  7.7950  24.2 5.0
2009 01 24 20 45 00.07 120.5220 13.4340  10.1 4.5
2009 01 28 10 18 27.30 126.7940  7.6480  80.6 4.6
2009 01 29 22 43 46.52 124.9020 10.9690  16.3 5.2
2009 02 05 12 21 44.69 127.0040  6.2090  89.9 4.3
2009 02 11 18 22 08.72 126.7880  4.0570  77.4 5.1
2009 02 11 18 25 10.03 126.7880  4.0380  26.2 5.8
2009 02 11 18 54 03.62 126.8360  4.1170  37.0 5.0
2009 02 11 19 56 49.84 126.7410  4.0320  44.1 5.5
2009 02 11 20 09 35.88 126.7490  4.0960  84.4 5.2
2009 02 12 00 03 00.60 126.7140  4.0270  38.6 5.4
2009 02 12 01 25 26.21 126.8270  4.1120  22.1 5.5
2009 02 12 02 15 07.28 126.8550  4.1430  46.6 5.0
2009 02 12 02 35 22.75 126.8380  4.0790  85.7 4.8
2009 02 12 04 27 05.54 126.7790  4.0710  27.6 5.1
2009 02 12 04 40 02.63 126.7580  4.1300  37.2 5.0
2009 02 12 06 02 00.39 126.8900  4.1650  37.0 5.0
2009 02 12 08 30 15.94 126.7950  4.0330  25.5 5.8
2009 02 12 14 07 23.90 126.7900  4.0710  81.1 4.9
2009 02 12 15 32 13.25 126.6750  4.0040  83.6 4.9
2009 02 12 15 44 24.53 126.6930  4.0290  78.6 4.9
2009 02 12 16 57 56.85 126.7430  4.0700  47.0 5.1
2009 02 12 18 09 38.11 126.7550  4.0240  81.3 4.7
2009 02 13 06 28 42.32 126.8610  4.0980  30.9 5.0
2009 02 13 11 31 48.34 126.9410  4.0610  25.7 4.9
2009 02 13 14 38 29.76 126.8320  4.1270  26.7 5.2
2009 02 14 05 30 09.36 126.8990  4.2690  28.0 4.9
2009 02 15 04 40 35.21 126.7520  4.0370  37.7 5.1
2009 02 15 16 16 52.14 126.7300  4.0770  26.3 4.9
2009 02 16 05 04 33.12 126.7560  4.0470  78.2 4.9
2009 02 21 10 50 29.64 126.8770  5.8590 121.7 4.6
2009 02 25 07 51 44.44 126.2390  9.1080  78.3 5.0
2009 02 26 12 32 52.66 121.2550 19.1130  37.9 4.8
2009 03 02 21 15 25.45 126.2510  5.8130 116.7 4.5
2009 03 03 11 15 53.15 121.5040 20.0770  50.0 4.3
2009 03 15 07 54 19.96 125.8660 10.0060 100.4 4.8
2009 03 20 19 16 55.01 127.4750  5.8030  27.3 5.0
2009 03 25 03 13 06.08 126.1660  9.6740  77.8 4.6
2009 03 25 22 12 53.47 125.1130 12.7420  61.4 4.4
2009 03 31 13 26 20.14 123.8290 14.7390  34.8 4.6
2009 04 02 08 59 56.77 126.7610  5.9120  85.5 4.7
2009 04 04 06 05 37.43 127.2560  5.1560  88.1 4.5
2009 04 12 04 46 31.27 127.2130  5.0690  89.2 4.6
2009 04 12 10 30 55.39 126.3150  6.0500 116.7 4.2
2009 04 13 03 36 28.11 127.1500  5.1560  87.2 4.5
2009 04 14 08 24 28.62 120.8700 13.4030 189.3 4.2
2009 04 14 18 02 49.21 125.6450  6.0610  79.7 4.6
2009 04 17 15 59 57.63 125.4730  4.8000 231.0 4.5
2009 04 18 22 07 26.21 121.0500 18.6520  55.0 4.1
2009 04 19 05 23 25.88 126.7380  4.1980  25.1 5.9
2009 04 19 06 14 50.36 126.8720  4.1910  36.3 4.8
2009 04 19 15 23 43.81 126.8420  4.1050  26.1 4.9
2009 04 20 19 12 39.01 120.1790 15.5640  29.8 5.0
2009 04 21 01 10 31.14 126.8000  4.1470  74.7 4.5
2009 04 21 18 47 35.07 126.3220 12.3890  17.1 4.9
2009 04 23 12 16 16.54 126.8940  4.4990  26.1 5.2
2009 04 26 18 14 20.05 126.7970  4.0850  29.1 5.1
2009 05 13 08 54 52.59 127.0020  4.5210  24.7 5.4
2009 05 21 05 53 54.61 126.9470  7.9810  18.7 5.5
2009 05 21 15 55 10.82 127.1690  7.9250  17.0 4.7
2009 05 24 01 06 24.48 119.7240 14.9150  22.3 5.2
2009 05 26 08 08 35.89 126.5240  5.8500 112.9 4.4
2009 05 29 01 15 01.28 122.0480  9.1590  30.7 4.5
2009 05 30 03 14 19.28 126.9480  7.6650  86.4 4.4
2009 05 31 13 50 38.36 126.5810  8.1160  69.5 4.0
2009 05 31 19 46 00.46 126.4190  9.2490  70.4 4.1
2009 06 14 05 58 43.58 126.5200  5.4540  36.7 5.8
2009 06 14 08 15 56.55 126.5900  5.4560  56.6 5.2
2009 06 14 18 24 24.05 126.4550  5.3980  64.6 4.7
2009 06 14 20 54 07.52 126.3380  5.3950  73.4 4.2
2009 06 17 08 55 51.18 126.3150  7.4760   9.8 4.3
2009 06 18 05 17 21.12 127.0870  7.9750  21.3 4.8
2009 06 19 04 15 00.29 126.6610  7.7020  77.8 4.3
2009 06 19 17 47 25    125.9460  4.8700  58.5 4.4
2009 06 27 06 33 50.88 121.1440 19.1760  21.4 4.9
2009 07 02 11 29 40.08 124.5930  4.6280  27.3 5.2
2009 07 10 20 52 47.38 126.7800  5.0280  16.8 4.9
2009 07 11 15 19 31.93 122.1600  9.9860  19.3 4.8
2009 07 14 07 45 47.78 120.4540 13.5970  60.9 4.5
2009 07 18 14 21 31.15 127.7680  4.2690  94.9 4.3
2009 07 21 07 13 27.57 126.1960  6.0540 103.4 4.8
2009 07 21 09 43 43.52 126.4040  9.5740  61.4 4.2
2009 07 23 07 58 18.63 126.0440 10.8200  88.5 4.7
2009 07 25 13 32 46.06 126.7200  5.4830  56.0 4.6
2009 07 26 08 51 21.65 124.1010 11.0570  36.1 4.6
2009 07 27 18 11 27.56 126.0420 10.2130  65.5 4.3
2009 08 01 16 53 39.42 126.5570  7.3530 137.7 4.2
2009 08 05 17 34 33.05 127.3350  5.2940 156.8 4.9
2009 08 09 12 17 49.18 126.0630  8.3910  22.5 4.4
2009 08 12 17 22 22.47 126.2820  5.6180 115.1 4.7
2009 08 14 20 56 29.13 125.4090 13.4610  16.1 5.0
2009 08 14 21 10 46.06 125.4230 13.4560  35.8 4.5
2009 08 16 17 29 44.99 127.3390  5.3240 152.3 5.2
2009 08 19 05 43 13.78 127.4770  4.7310 149.4 4.8
2009 08 22 04 02 23.03 126.8750  7.4940  72.0 4.3
2009 08 24 02 13 53.02 123.0590  9.5530 146.9 4.4
2009 08 25 00 09 59.82 121.0720 19.0620  44.0 4.5
2009 08 26 09 16 56.56 124.3940 11.4960  59.8 4.7
2009 08 29 04 46 52.82 126.4660  5.4290  67.6 5.0
2009 08 29 08 06 25.02 126.7990  6.0970  74.3 4.5
2009 08 29 17 51 48.87 120.6680 13.8410 184.8 4.2
2009 09 18 00 52 59.55 126.8420  4.8950  69.4 4.6
2009 09 18 11 53 48.95 124.7760  6.6000  15.7 5.3
2009 09 19 01 41 29.27 124.7880  6.5120  18.6 4.7
2009 09 19 14 43 54.58 125.4310 11.5070  66.4 4.8
2009 09 24 05 46 14.69 126.0900  5.3780 116.8 4.4
2009 09 30 01 39 43.72 126.6850  4.9830  79.8 5.4
2009 09 30 02 21 32.79 126.7280  4.8710  48.5 4.9
2009 09 30 05 08 34.77 126.6600  4.9230  66.3 4.8
2009 10 01 01 31 05.19 127.4690  4.2380  69.4 5.0
2009 10 11 06 42 10.57 120.6490 21.9820  38.9 4.7
2009 10 14 09 15 09.63 120.7420 13.9060 211.5 4.0
2009 10 16 08 42 01.21 126.9210  5.8230 124.6 4.5
2009 10 16 13 10 48.70 127.5320  5.0320 104.1 4.7
2009 10 27 06 18 17.55 126.0990  6.1550 149.2 4.3
2009 10 29 04 59 57.43 125.8680  5.9640 115.0 4.8
2009 11 04 06 21 47.09 126.5190  7.1160 112.9 5.3
2009 11 06 04 23 37.66 126.8620  6.3320  73.7 4.7
2009 11 07 20 55 45.21 126.8040  6.6710  86.6 4.5
2009 11 08 10 37 39.56 127.3320 10.4210  35.4 4.5
2009 11 09 12 29 09.31 126.4800  5.3880  48.6 4.7
2009 11 10 22 27 34.12 125.6450  9.3850  19.5 4.8
2009 11 12 07 22 17.95 126.0830  6.1670 154.4 4.2
2009 11 16 19 58 57.53 126.4200  6.6900  52.0 5.2
2009 11 26 15 12 44.90 126.5800  4.1470  28.2 4.5
2009 11 28 04 44 56.82 126.7690  4.3780  83.9 4.5
2009 11 28 18 10 19.02 126.4240  5.4090  24.8 5.6
2009 11 29 02 28 08.12 126.4830  5.4640  77.5 5.0
2009 11 29 20 09 09.78 126.4740  5.4340  35.5 5.2
2009 11 30 16 01 09.39 126.4010  5.3240  78.6 4.3
2009 12 02 02 31 31.51 126.2500  5.3250  66.5 4.2
2009 12 02 20 27 13.74 125.6280 12.3950  21.1 5.3
2009 12 02 21 28 45.41 126.3970  5.3470  69.1 4.6
2009 12 02 21 33 03.61 126.9760  5.0400  99.4 4.4
2009 12 03 07 32 20.82 126.3920  5.3180  77.6 4.8
2009 12 03 19 54 11.95 126.6360  4.3790  89.5 4.1
2009 12 05 01 05 28.89 120.6320 13.7340 130.3 3.8
2009 12 06 06 02 51.15 120.7480 14.1680 175.4 4.4
2009 12 07 08 02 07.27 123.9140  6.7090  56.8 4.7
2009 12 08 11 37 55.12 125.8980  5.7580 122.9 4.7
2009 12 10 15 06 43.69 126.3900  6.7370  56.0 5.4
2009 12 10 15 17 45.32 126.5630  5.5480  68.7 4.4
2009 12 12 01 50 50.45 126.7370  5.5740  75.0 4.5
2009 12 14 20 30 56.23 126.0200  6.1220  76.4 4.5
2009 12 21 06 39 23.51 126.4160  5.6370 117.2 4.7
2009 12 21 19 59 24.47 121.4380 17.4840  20.7 5.2
2009 12 26 01 14 39.61 126.5400  6.5680  44.0 4.5
2009 12 26 05 09 25.14 126.4710  6.5500  32.7 5.2
2009 12 26 06 53 41.87 126.3740  6.4760  48.6 4.5
2009 12 26 06 59 12.27 126.5840  6.5240  26.8 4.9
2009 12 26 20 52 19.83 126.3540  6.5030  48.0 4.4
2009 12 28 11 51 23.28 126.3940  6.5140  58.0 4.7
2009 12 29 22 35 29.78 126.4780 10.1870  61.7 4.9
2009 12 30 11 17 49.80 126.4030  6.5280  33.4 5.5
2009 12 30 11 23 53.89 126.4730  6.5150  47.4 4.9
2009 12 30 11 38 01.55 126.4060  6.4450  39.3 4.5
2010 01 01 04 42 54.50 127.1580  5.0800  87.9 4.4
2010 01 03 21 38 40.57 126.3530  6.4700  47.1 5.0
2010 01 08 12 14 59.81 126.6940  6.0880 121.5 5.3
2010 01 12 10 54 08.09 120.3650 14.6340 108.2 4.9
2010 01 13 07 55 00.18 127.2860  5.1480 124.0 4.8
2010 01 13 12 42 40.41 124.4000  6.6430  22.0 4.9
2010 01 15 00 06 48.18 126.0710  7.2540  33.4 5.2
2010 01 17 19 34 53.48 126.2660  5.8150  89.3 4.1
2010 01 21 02 02 04.13 125.4750 13.6720  15.9 5.2
2010 01 27 16 22 07.57 126.7100  4.9180  93.2 4.5
2010 01 27 18 49 32.18 125.4790 13.6500  18.5 5.6
2010 01 28 09 11 42.23 126.0450  9.9230  70.1 5.0
2010 01 30 02 26 42.04 121.2510 19.0960  40.3 4.6
2010 01 30 23 24 51.59 125.6120  5.4040 208.1 4.5
2010 02 02 11 19 00.49 126.2040 10.3280  32.9 4.5
2010 02 04 01 31 24.83 120.7360 17.8330  26.2 4.0
2010 02 05 20 02 59.59 120.0550 13.6240  50.8 4.2
2010 02 06 04 13 56.70 119.9080 14.9880  53.9 4.2
2010 02 09 05 02 13.28 121.1880 21.0550  28.6 4.9
2010 02 12 01 21 06.68 126.2100  9.2230  79.2 4.5
2010 02 15 10 15 42.36 126.9560  6.2230  84.7 5.3
2010 02 16 06 48 56.61 121.1100 19.1740  22.0 5.0
2010 02 20 11 18 46.98 121.2300 20.9920  15.7 4.8
2010 02 23 10 16 07.20 126.3380  6.1810  63.7 4.5
2010 02 24 17 32 55.45 126.3550  6.2510  61.4 4.3
2010 02 26 16 18 54.74 125.7750  5.9010  31.1 5.1
2010 02 28 16 05 34.48 121.3110 19.1640  39.8 4.7
2010 03 02 02 51 21.64 122.4390 18.2580  19.4 5.6
2010 03 02 07 22 46.37 120.7600 13.6200 135.5 4.0
2010 03 10 02 43 11.76 126.5940  7.2020  69.6 4.2
2010 03 14 09 54 15.77 126.4160  8.7100  67.9 4.9
2010 03 14 18 23 09.40 127.2870  5.1970 132.2 4.8
2010 03 19 03 22 55.31 125.6010  4.2230 133.4 4.5
2010 03 19 11 38 40.23 126.8820  4.0260  77.5 4.7
2010 03 22 12 49 32.48 125.9880  6.1510 146.8 4.0
2010 03 25 19 48 58.46 126.1920  6.3070 131.5 4.5
2010 04 04 10 09 03.11 127.5260  5.5820 173.1 4.0
2010 04 10 06 54 00.30 125.4070 10.9450  90.6 4.6
2010 04 12 21 29 22.47 119.6600 16.3860  31.5 4.6
2010 04 21 01 59 49.24 120.6690 13.8290 115.8 4.0
2010 04 29 08 48 17.30 126.1910  4.8270  91.7 4.3
2010 04 29 16 46 43.80 122.8640 13.6030  18.9 4.7
2010 05 05 22 28 44.16 120.8010 13.6670 214.1 3.8
2010 05 06 14 27 00.39 120.0650 15.1540  64.8 4.4
2010 05 06 18 53 14.27 120.0350 18.2590  37.6 4.3
2010 05 10 18 56 34.73 121.1560 19.1020  33.0 4.8
2010 05 13 02 11 08.93 125.6170  9.2610  19.8 4.6
2010 05 14 16 21 25.79 126.6390  5.6730  80.9 4.5
2010 05 26 07 14 14.48 125.8430  4.5170 132.0 4.5
2010 05 27 13 48 25.14 125.6540  9.8600 146.8 4.6
2010 06 02 01 01 47.77 126.6920  4.2450  31.2 4.8
2010 06 06 08 54 16.24 127.2780  4.9360 105.6 4.9
2010 06 10 02 13 18.52 126.9990  7.4740  20.4 5.1
2010 06 24 00 04 53.33 124.9620 11.0450 180.5 4.3
2010 06 27 23 47 34.16 126.8590  5.2280  70.6 5.3
2010 07 01 04 57 48.39 126.7560  5.9750 109.9 4.6
2010 07 16 00 48 51.44 125.8430  4.0180 161.0 4.7
2010 07 16 18 47 37.51 126.2760  9.5490  67.8 4.5
2010 07 19 19 09 36.48 126.3310  9.4570  77.8 4.3
2010 07 19 21 45 18.35 125.7720 11.3820  58.4 4.3
2010 07 19 21 46 25.25 125.7010 11.4320  66.7 4.7
2010 07 20 21 00 40.62 125.8410  5.1970 127.4 4.5
2010 07 21 01 14 44.80 121.2750 19.1680  38.4 4.5
2010 07 25 12 28 46.42 126.9320  7.3920  72.2 4.6
2010 07 28 08 07 08.54 126.6660  6.8990 187.0 4.7
2010 07 29 21 30 18.36 120.5750 12.4450  16.2 4.5
2010 08 01 09 29 15.15 125.9260  9.9190  83.0 4.3
2010 08 17 03 03 02    127.7350  4.4980 116.1 4.5
2010 08 25 16 45 03.50 126.6550  5.6620 115.9 4.5
2010 09 03 04 10 27.83 125.9830  9.9570  75.0 4.4
2010 09 05 12 19 20.89 126.6650  5.9750  81.1 4.5
2010 09 06 03 08 54.59 126.1750  6.0770  77.7 4.6
2010 09 12 16 35 54.10 124.6120  5.6080  20.9 4.9
2010 09 14 07 01 12.53 126.9120  4.7020  88.2 4.9
2010 09 14 07 33 26.40 124.6110  5.5920  25.3 5.0
2010 09 15 18 42 57.49 126.0100  5.9850  89.7 5.1
2010 09 16 01 38 35.61 126.4760  9.2590  72.0 4.6
2010 09 29 02 18 57.28 124.6520 13.1100  14.6 4.8
2010 09 30 09 00 26.32 121.4600 19.7220  29.2 5.9
2010 10 01 09 09 32.82 125.5710  5.9450  71.2 4.4
2010 10 06 21 57 38.35 124.8980  6.7140  25.7 5.4
2010 10 11 17 24 16.08 126.6470  5.8650  99.5 4.2
2010 10 20 07 12 36.24 124.7830 12.8930  68.1 4.7
2010 10 23 18 37 54.41 125.7590  9.3660  27.8 4.8
2010 11 03 22 24 47.24 123.0050 12.8410  21.2 5.0
2010 11 05 12 13 52.24 126.6220  7.0300 187.0 5.1
2010 11 05 14 04 30.73 123.0640 12.9540  20.6 4.6
2010 11 05 16 40 38.46 123.0400 12.8620  16.2 5.4
2010 11 10 10 30 20.06 119.8250 15.0310  55.2 5.2
2010 11 13 00 05 10.45 126.4320  5.2570  70.9 4.2
2010 11 22 16 00 16.20 126.9680  6.3720 208.0 4.0
2010 11 26 01 22 26.08 121.3860 20.2000  30.0 4.7
2010 12 01 12 05 07.21 126.3780  5.3630  65.1 4.4
2010 12 08 06 47 14.91 126.6700  7.5610  42.0 5.6
2010 12 09 20 42 06.66 122.0180 21.2140 172.4 4.3
2010 12 11 14 15 33.50 120.8870 13.5890 141.9 4.0
2010 12 18 05 06 22.96 126.2260 10.5480  19.6 5.3
2010 12 18 06 11 49.88 126.2100 10.4560  28.5 4.8
2010 12 20 04 27 34.79 126.4400 10.4920  20.8 4.5
2010 12 21 08 36 54.89 126.8520  5.3770  74.6 4.2
2010 12 25 21 16 52.03 127.4320  6.0450  72.2 5.0
2010 12 30 16 56 11.64 126.4560 10.1940  28.4 4.7
2011 01 02 23 52 57.51 126.2290 10.4740  57.7 4.2
2011 01 08 09 32 30.77 126.1740 10.0140  66.8 4.4
2011 01 08 17 21 54.48 126.7600  6.9380  82.7 4.7
2011 01 08 18 30 13.23 126.1680 10.1580  68.9 4.7
2011 01 13 10 20 40.22 127.1090  6.2670  63.4 5.0
2011 01 20 18 15 04.51 126.9080  5.5710  96.1 4.2
2011 01 21 18 27 40.19 120.7590 13.7590 172.1 4.1
2011 01 25 13 13 52.52 125.9990  5.9930 161.0 4.3
2011 02 10 20 28 09.14 126.2190  5.2830  68.4 4.0
2011 02 13 01 53 35.93 126.3870  8.6980  99.1 4.0
2011 02 13 12 10 05.74 127.3900  4.8240  97.9 4.3
2011 02 15 07 18 18.81 121.2260 21.1030  33.8 5.4
2011 02 19 00 09 39.62 120.6750 14.3540 140.2 4.5
2011 03 03 09 09 33.09 126.0970  9.5070   9.1 4.5
2011 03 03 12 52 10.45 126.5450  4.9630  91.9 5.5
2011 03 03 15 11 58.32 126.1080  9.5800  19.2 5.3
2011 03 09 17 57 27.45 121.3960 18.8000  56.1 4.8
2011 03 16 11 48 41.03 127.4010  4.8730 137.6 4.4
2011 03 19 13 41 35.89 126.6500  7.5000  73.4 4.2
2011 03 31 06 18 35.72 126.5790  5.7010  66.0 4.8
2011 03 31 18 18 54.46 126.5200  5.7430  61.5 4.4
2011 04 08 18 29 16.08 120.0500 13.9600  21.0 5.1
2011 04 10 20 04 21.24 126.2890  9.9930  36.9 5.0
2011 04 14 16 11 55.16 126.2220  5.8950 153.7 5.0
2011 04 19 05 30 39.03 121.2960 19.0620  46.0 4.7
2011 04 29 13 12 46.61 122.0300 21.1950 184.7 5.5
2011 05 01 11 06 51.80 127.0240  6.6590  36.0 4.9
2011 05 02 14 25 22.13 126.9930  5.9570 111.0 4.5
2011 05 04 22 34 58.13 125.8840  5.5700 109.8 4.2
2011 05 05 03 46 31.12 125.7030  9.3210  23.5 4.4
2011 05 05 18 47 50.23 122.0350 21.1500  17.7 4.4
2011 05 09 19 13 26.68 126.5140  5.4490  31.9 5.4
2011 05 10 22 56 34.40 126.0290  8.7850  49.8 4.2
2011 05 11 01 28 08.27 125.9620  6.0500 109.1 4.8
2011 05 21 13 08 01.69 121.8190 17.2910  13.0 5.2
2011 05 22 19 07 43.88 125.6810  5.9880 154.1 5.2
2011 05 28 20 17 12.27 127.6960  4.7300  75.3 5.4
2011 05 29 09 15 25.19 122.2810 10.6850  56.4 4.5
2011 06 06 23 07 09.02 126.5760  5.5220  78.1 4.6
2011 06 07 08 34 01.01 126.1230 10.3790  76.3 4.4
2011 06 16 12 43 55.67 126.9230  5.8180 143.7 4.8
2011 06 19 08 29 11.26 126.8580  6.6140 119.7 4.6
2011 06 29 20 51 54.30 125.3550 13.5000  15.7 5.0
2011 06 30 15 37 01.12 127.0040  4.4210  97.1 4.5
2011 07 06 20 09 16.09 126.1410  5.5520 123.7 4.4
2011 07 06 22 58 47.33 120.4540 17.5560  50.3 4.2
2011 07 09 22 44 40.62 126.2290  6.0310  90.1 4.6
2011 07 10 16 42 59.56 122.2600  9.6080  20.1 5.0
2011 07 10 17 40 27.40 122.2150  9.5480  54.2 4.6
2011 07 11 21 03 25.87 122.2540  9.7140  49.4 5.0
2011 07 11 21 04 39.77 122.1950  9.5030  22.0 5.2
2011 07 11 21 35 23.23 122.3000  9.5820  27.4 4.6
2011 07 11 21 40 05.36 122.2220  9.5990  38.7 4.3
2011 07 11 21 56 48.41 122.2120  9.5370  20.3 4.4
2011 07 11 22 29 54.21 122.1340  9.4680   3.9 4.3
2011 07 11 22 49 58.21 122.2330  9.6130  24.0 4.8
2011 07 11 22 59 57.54 122.1730  9.5720   3.6 4.4
2011 07 11 23 26 27.95 122.1510  9.5690  31.1 4.1
2011 07 12 00 08 42.90 122.1420  9.6370  28.4 4.7
2011 07 12 00 10 34.42 122.2780  9.5220  39.6 4.7
2011 07 12 08 56 16.74 122.2580  9.7310  17.7 5.2
2011 07 12 11 29 24.27 122.2810  9.6430  48.2 4.6
2011 07 14 18 49 25.42 122.2510  9.7610  18.9 5.0
2011 07 15 13 24 23.11 126.9560 10.3510  46.9 4.8
2011 07 26 08 02 28.97 126.8670  7.5990  28.5 5.0
2011 07 30 21 59 28.02 122.0350  9.5470  40.5 4.2
2011 08 09 15 41 33.40 120.6750 13.8920 126.2 4.6
2011 08 11 02 56 40.99 121.2200 19.1540  38.8 5.2
2011 08 14 07 38 06.33 121.5610 12.0640  18.9 4.6
2011 08 21 02 36 22.17 126.1600  9.3940  80.7 4.4
2011 08 22 13 39 28.22 126.6380  7.5860  71.8 4.3
2011 08 25 02 17 19.91 122.2780 10.8650  50.9 4.7
2011 09 03 00 40 12.32 125.9000  8.4310  59.6 4.4
2011 09 07 06 07 32.11 126.0690 10.1280  46.5 5.3
2011 09 08 15 19 46.02 120.6930 13.4300  73.7 4.5
2011 09 12 07 30 35.28 127.4190  5.1050 117.3 4.9
2011 09 14 09 24 39.22 126.3350  4.6380  64.5 4.8
2011 09 16 11 52 18.01 119.3750 18.2930  13.7 5.1
2011 09 22 03 49 21.24 119.8440 15.3590  56.4 4.4
2011 09 30 13 06 01.26 126.8970  8.4200  16.2 4.9
2011 10 03 15 30 52.45 120.8320 17.8730  87.1 4.4
2011 10 05 07 34 49.76 126.7180  5.4510 116.1 4.5
2011 10 16 23 41 19.23 126.2180  6.0210 112.3 4.4
2011 10 19 11 29 30.80 119.9440 13.9070  31.0 4.6
2011 10 25 15 11 38.94 125.9290  6.4310 111.2 4.4
2011 10 30 05 09 08.03 125.4130  5.2510 217.6 4.5
2011 11 04 01 17 20.27 121.0840 18.6410  58.0 4.0
2011 11 07 09 43 11.90 125.1400  7.9160  14.1 4.9
2011 11 11 08 52 30.23 126.1550  4.6180  45.0 4.5
2011 11 15 21 07 49.44 126.3140  9.3350  66.8 4.2
2011 11 17 09 18 09.59 128.0690  4.0540  79.5 4.6
2011 11 20 21 25 39.62 127.3250  5.5580  82.3 4.6
2011 11 21 02 46 57.44 125.4910  5.8870 191.7 4.5
2011 11 24 21 42 27.98 122.2300 10.9930  24.6 4.5
2011 11 25 06 49 52.52 126.9210  4.4590  90.3 4.6
2011 11 29 08 29 29.67 119.3940 14.0040  16.7 5.0
2011 11 30 00 27 07.54 119.0240 15.5220  12.3 5.9
2011 11 30 01 27 47.01 119.1920 15.4550  19.5 4.8
2011 12 01 21 59 36.48 125.8010 12.3280  42.1 4.4
2011 12 05 19 09 45.57 126.5160  5.6050  96.8 4.7
2011 12 06 19 31 43.80 124.5430 11.5610  15.5 4.7
2011 12 08 09 25 23.22 125.5860  4.1790 137.5 4.6
2011 12 08 15 31 00.93 121.0540 18.5890  35.8 4.6
2011 12 10 09 51 13.73 126.1380 11.1490  13.8 5.0
2011 12 23 04 27 10.21 120.4460 13.1730  22.8 5.2
2011 12 25 00 07 55.95 126.3680  6.6310  65.6 4.6
2011 12 26 20 34 38.83 126.4860  9.4780  27.0 5.0
2011 12 28 16 27 37.94 126.6590  7.4100  75.8 4.5
2012 01 06 06 37 18.60 120.8250 13.6480 151.0 4.8
2012 01 07 18 01 00.44 121.2050 19.3280  31.8 4.8
2012 01 11 11 07 24.40 127.0320  4.5770 103.5 4.5
2012 01 12 00 19 03    125.9880  8.3800  18.2 4.8
2012 01 13 23 47 15.80 126.6340  8.3100  67.7 3.8
2012 01 14 16 36 23.86 121.2160 19.2700  34.7 5.4
2012 01 17 10 00 20.63 126.0310  6.5430  82.6 4.8
2012 01 20 22 50 51.48 125.3390  4.8380  33.8 5.2
2012 01 22 06 41 28.25 125.0430 11.0990 156.0 4.4
2012 01 22 11 31 02.41 127.2540  5.1730  54.2 4.3
2012 01 25 03 16 04.42 127.0560  4.8880  54.8 4.5
2012 01 26 15 47 20.20 125.7610  6.5350 169.6 4.6
2012 01 28 00 17 10.04 124.5910 13.5370  25.0 5.4
2012 01 28 04 46 25.79 121.2030 19.3420  33.4 4.9
2012 02 01 04 30 50.43 125.5990 11.7130  30.4 5.2
2012 02 01 04 39 15.60 125.6730 11.6680  34.8 4.7
2012 02 01 07 51 10.87 125.6550 11.6810  40.5 4.4
2012 02 04 13 09 24.24 125.7910 12.0200  17.7 5.5
2012 02 04 19 29 16.47 125.7830 11.9800  13.4 5.2
2012 02 06 04 03 26.20 123.1720  9.9410  16.4 4.7
2012 02 06 11 40 16.35 123.0940  9.8800  13.3 5.1
2012 02 06 12 29 38.35 123.0760  9.8490  20.6 4.2
2012 02 07 04 05 38    123.4090 10.1200  20.6 4.6
2012 02 07 20 18 49.72 123.2690  9.9020  32.3 4.6
2012 02 07 21 59 13.41 123.3660 10.1200  12.6 4.7
2012 02 08 01 53 04.29 123.2180  9.9050  25.9 4.7
2012 02 11 05 39 08.98 123.2480 10.1250  14.2 4.8
2012 02 12 14 37 13.78 121.1020 19.2020  29.2 4.6
2012 02 14 15 40 01.90 123.3680 10.0870  13.4 4.5
2012 02 20 13 55 30.19 126.2610  4.5970  79.6 4.5
2012 02 23 06 57 26.14 127.6470  4.6310 108.2 4.2
2012 02 24 05 42 27.44 126.0110 10.0270  67.5 5.0
2012 02 24 10 14 02.61 126.0640  8.3140  37.8 4.2
2012 02 25 07 01 48.07 125.8160 11.7970  27.7 5.0
2012 03 03 04 48 34.95 126.6320  9.6370  28.7 4.6
2012 03 05 23 06 28.85 123.6690 12.4360  18.5 5.1
2012 03 08 15 30 23.20 120.4890 13.6540  12.2 5.1
2012 03 08 20 03 13.15 120.4660 13.6770  13.9 5.4
2012 03 10 06 29 34.01 123.1170  9.8600  30.7 4.2
2012 03 11 21 31 41.89 122.3280 19.9620 171.9 4.5
2012 03 17 04 08 17.23 123.7270  6.8650  40.5 4.2
2012 03 17 10 25 09.56 121.0790 18.6010  67.7 4.3
2012 03 26 03 07 46.53 123.9450  6.9150  26.3 4.3
2012 03 31 22 36 16.26 126.6210  8.5590  53.5 4.3
2012 04 01 05 34 02.48 122.4500 20.3170  26.9 4.7
2012 04 03 20 41 33.12 127.2370  5.1480  99.3 4.5
2012 04 08 05 44 10.10 126.4170  4.2390  75.9 4.5
2012 04 10 20 22 44.88 121.1220 21.0480  13.7 4.4
2012 04 14 15 53 43.38 120.7110 13.8900 208.5 4.0
2012 04 18 03 48 36.27 120.7440 13.8640 152.7 4.5
2012 04 25 06 55 11.63 125.7240 12.0710  17.4 5.0
2012 05 08 06 35 02.27 126.2040  9.1070  74.3 4.5
2012 05 08 19 59 46.05 127.2750  8.2140  19.2 4.8
2012 05 09 15 58 04.06 127.4180  6.2030  58.2 4.2
2012 05 17 05 59 16.94 120.7650 13.6150 144.2 4.2
2012 05 20 06 32 41.67 120.6470 13.8000 157.7 4.1
2012 05 20 12 36 04.82 125.3650 11.3140  77.1 4.6
2012 05 28 16 44 11.61 118.3180  4.8510  13.9 4.4
2012 05 31 12 50 46.65 127.3650  5.1900 164.4 4.5
2012 06 04 03 38 47.16 127.7150  4.7630 100.4 4.5
2012 06 11 12 26 14.66 124.1830 13.0890  92.0 4.3
2012 06 15 01 14 11.53 126.3960  5.7110  76.4 5.8
2012 06 16 02 47 05.27 126.5740  5.7600  79.5 4.1
2012 06 16 22 18 47.46 119.5880 15.6500  28.2 6.0
2012 06 20 19 18 31.74 126.6120  4.3010  96.7 4.6
2012 06 22 18 12 22.82 126.5070  9.4840  61.5 4.3
2012 06 26 15 18 22.77 126.5880  7.2790 146.1 4.1
2012 06 27 15 51 53.05 121.0660 19.0860  51.8 4.2
2012 06 29 23 15 26.03 126.2440  8.4780  29.4 4.2
2012 07 01 07 49 54.04 125.6090  5.6810 148.9 4.6
2012 07 03 12 09 07.01 125.9740 10.0200  70.8 4.7
2012 07 03 21 59 57.72 125.5350 10.0600 186.8 4.2
2012 07 04 11 09 50.43 124.4690 11.4750  13.2 4.5
2012 07 04 12 35 44.05 122.2880 10.2730  32.3 4.2
2012 07 04 13 01 01.49 126.2460 11.4400  18.0 4.7
2012 07 05 08 14 19.99 126.4980  5.1170  66.4 5.2
2012 07 08 04 15 20.65 125.7730  9.8000  52.6 4.6
2012 07 08 04 16 36.49 121.0780 19.0170  23.0 4.7
2012 07 14 20 12 11.66 119.8430 14.9960  27.9 4.8
2012 07 25 10 09 52.92 127.0300  5.6440 109.6 4.7
2012 07 25 13 27 53.63 126.4550  5.5620 143.4 4.7
2012 07 29 03 04 40.13 126.6100  7.9990  65.2 4.9
2012 07 29 03 27 49.18 125.7860  6.1560 113.1 4.4
2012 08 01 16 52 02.85 126.6620  7.2330  67.9 4.4
2012 08 05 12 40 43.92 125.8520  9.9580  67.7 4.2
2012 08 06 13 28 47.23 125.4990 11.3150  63.8 4.6
2012 08 21 19 53 11.62 126.1480  5.9190 118.6 4.4
2012 08 28 09 11 14.96 125.7440  5.6630 118.6 4.2
2012 08 31 12 47 35.52 126.7050 10.8020  45.2 7.1
2012 08 31 13 31 38.67 126.8610 10.4130  48.2 5.0
2012 08 31 23 37 54.44 126.7150 10.4310  13.0 5.6
2012 09 01 00 25 01.24 126.4540 10.3070  23.6 5.2
2012 09 01 01 20 37.02 126.8560 10.5610  19.3 5.2
2012 09 01 08 08 08.62 126.8410 10.3760  16.5 4.9
2012 09 01 08 13 14.04 126.9110 10.4010  18.1 5.0
2012 09 02 07 32 16.18 126.4450 10.3110  58.9 4.6
2012 09 02 15 12 35.82 128.1060  4.3330  55.9 4.2
2012 09 02 17 53 30.54 126.7030 11.0240  16.3 4.8
2012 09 03 02 14 40.95 126.3810 10.4300  15.6 5.0
2012 09 03 03 11 28.43 126.5480 10.4110  17.2 4.7
2012 09 03 06 49 49.90 123.8780  6.6010  12.4 5.4
2012 09 03 08 49 25.49 123.8710  6.5400  28.0 4.7
2012 09 03 19 44 23.45 125.0450  7.9020  15.1 5.5
2012 09 04 00 50 51.39 126.8450 10.4700  22.9 5.3
2012 09 04 14 43 16.91 126.9210 10.5090  14.3 5.2
2012 09 04 19 09 24.11 125.4020 10.8900  16.6 4.7
2012 09 06 02 22 20.51 126.8340  4.4660  74.3 5.3
2012 09 06 21 47 37.62 126.6910 10.4790  54.2 4.4
2012 09 07 10 43 08.88 127.1080  7.1950  23.3 4.7
2012 09 15 07 03 59.85 125.5940 12.6460  13.3 5.0
2012 09 15 10 26 22.72 125.5460 12.6710  12.7 5.3
2012 09 16 21 46 14.56 126.7970 10.6670  12.8 5.2
2012 09 18 08 05 37.01 126.5880  4.5770  19.2 5.0
2012 09 19 21 18 31.98 126.9540  4.5020  89.2 4.5
2012 09 21 05 01 56.88 126.4130  9.7290  54.3 4.6
2012 09 21 15 25 04.89 126.6220  9.7860  58.7 4.1
2012 09 22 06 28 09.89 126.4580  9.7290  63.2 4.5
2012 09 24 00 28 02.65 126.5280  5.6580  68.8 5.1
2012 10 01 12 55 44.73 126.7830  4.0900  71.4 4.4
2012 10 02 06 25 29.88 123.2370  8.3350  25.4 5.2
2012 10 03 18 28 33.16 126.9250  5.8610 143.1 5.3
2012 10 04 01 55 18.72 120.5520 13.1660  50.2 5.2
2012 10 04 14 45 27.46 126.5830  9.9560  15.7 4.7
2012 10 04 17 03 11.40 126.2630  5.5920  89.8 4.7
2012 10 06 10 18 31.60 125.4260 11.4080  60.5 4.3
2012 10 07 03 14 25.54 120.9460 18.6470  51.3 5.3
2012 10 09 10 47 44.28 125.3830 11.8290  50.6 4.2
2012 10 09 16 11 58.99 122.2130 20.8130 168.2 4.0
2012 10 11 05 47 13.37 125.7950  4.6160 184.1 4.9
2012 10 12 18 53 03.28 120.6020 14.4040 136.3 4.7
2012 10 14 03 42 23.02 125.1610  4.5830  22.3 4.8
2012 10 21 06 27 45.59 122.1010 21.1420 162.0 4.5
2012 10 23 15 36 58.93 126.3950  9.7370  68.5 4.3
2012 10 25 22 58 16.94 126.1860 11.3050  26.1 4.8
2012 10 26 21 11 53.77 126.8200 10.7660  12.1 4.9
2012 11 01 14 44 55.25 126.9380  4.6810  93.9 4.3
2012 11 02 14 02 47.79 125.6650  4.7020 173.2 4.6
2012 11 02 20 39 00.88 122.7930 10.6030  90.8 4.4
2012 11 02 22 13 24.66 126.3180  9.1780  67.9 4.2
2012 11 04 04 14 03.12 126.2010  5.8170 149.1 4.4
2012 11 04 16 28 22.34 125.5230  5.4850 201.9 4.4
2012 11 04 23 46 39.24 125.1190  4.6570  35.1 5.1
2012 11 10 09 23 59.28 126.1470  9.1000 111.5 4.3
2012 11 13 18 52 19.24 122.6870  9.5130  81.6 4.7
2012 11 14 05 21 42.31 122.3940 10.0340  37.2 5.5
2012 11 15 06 43 08.18 120.7130 14.0310 139.9 4.5
2012 11 18 20 01 24.85 125.8660  6.0260 111.7 5.0
2012 11 19 07 54 42.01 120.7410 15.3520 151.8 4.2
2012 11 21 18 54 56.30 126.4030  5.6910 101.9 4.1
2012 11 22 06 32 25.12 126.4490  4.8570  96.6 4.6
2012 11 26 17 53 02.87 122.3400 11.0330  26.8 4.6
2012 11 27 20 30 36.91 126.2070  4.0510  83.8 4.8
2012 11 28 10 22 04.78 121.2380 19.0650  38.8 4.8
2012 12 02 09 27 52.34 126.1080 10.0280  66.3 4.1
2012 12 11 19 23 42.65 128.3190  4.0600  31.8 4.3
2012 12 22 18 07 18.04 121.2150 19.1270  40.5 5.0
2012 12 23 12 52 22.66 126.6730  4.2230  25.8 5.0
2012 12 24 12 58 21.05 126.6650  4.1980  27.0 5.0
2012 12 25 08 32 44.22 126.7990  6.0520 117.8 4.6
2012 12 27 13 41 37.94 123.8680 12.3140  16.7 4.5
2013 01 02 16 24 08.45 127.7540  4.0260 151.1 4.5
2013 01 03 03 55 14.52 121.0870 19.0740  41.7 4.0
2013 01 08 02 51 48.08 121.2010 19.2940  29.1 4.5
2013 01 11 03 48 00.22 126.2860  5.3310  73.3 4.2
2013 01 13 06 02 20.46 122.0080  9.5860  16.3 4.4
2013 01 14 06 46 55.19 126.3370  8.7130  81.9 4.5
2013 01 14 11 03 31.43 119.9620 15.0140  62.2 4.8
2013 01 16 21 44 50.11 126.5170  6.4690  62.7 4.6
2013 01 17 04 58 16.56 124.8800  5.8250  65.4 4.8
2013 01 19 13 48 03.93 125.4130 11.3930  55.0 5.4
2013 01 21 19 27 29.06 126.1970  5.4220 110.1 4.5
2013 01 25 22 40 56.36 126.1100  9.4390  81.0 4.7
2013 01 26 13 39 04.73 127.0630  5.8320 133.2 4.4
2013 01 26 17 31 13.62 127.0800  5.4960 127.3 4.9
2013 01 27 16 51 57.26 127.4690  4.8210  98.5 4.1
2013 01 30 13 18 45.04 126.6860  4.5340  86.3 4.4
2013 02 04 08 08 30.77 121.2040 19.0390  58.5 4.4
2013 02 08 19 31 48.40 126.1280  4.4090 156.6 4.5
2013 02 18 09 06 53.15 125.5540 11.8570  42.4 4.5
2013 02 22 06 52 23.52 125.7840  4.4140 167.3 4.3
2013 03 01 18 38 22.09 128.1670  4.2220  69.4 4.8
2013 03 02 00 11 06.05 127.0480  5.5470  64.6 5.0
2013 03 02 09 06 06.02 128.1180  4.2260  74.0 4.6
2013 03 06 13 33 47.97 126.3960  5.8370 100.2 4.2
2013 03 09 01 57 13.37 126.1430  6.3470  59.2 4.5
2013 03 13 18 49 29.04 120.2570 14.9830  91.6 4.2
2013 03 18 22 02 08.41 126.7900  4.0860  70.3 4.2
2013 03 30 01 50 42.16 126.3000 10.1360  21.2 5.3
2013 03 30 01 54 28.49 126.4100 10.0830  31.5 4.6
2013 03 31 00 49 42.74 121.9800 21.0540 155.4 4.2
2013 04 03 16 27 27.62 126.3760  8.8030  75.9 4.8
2013 04 04 02 27 03.68 121.6760 15.9130  19.9 5.1
2013 04 07 05 56 47.42 119.7260 14.9870  49.2 4.3
2013 04 09 21 28 11.05 126.2310  9.2480  69.9 4.2
2013 04 15 02 39 52.50 119.6590 15.6420  77.6 4.3
2013 04 17 09 51 07.42 124.9250  7.2990  14.8 5.0
2013 05 01 17 04 06.07 120.0290 17.1500  55.1 4.2
2013 05 17 03 08 18.75 120.1000 13.5810  31.7 4.4
2013 05 20 07 26 52.55 127.0040  5.8910 121.4 5.0
2013 05 21 21 57 47.22 126.4370  5.2480 123.9 4.2
2013 05 24 11 41 10.82 126.6300  9.0960  61.7 4.7
2013 05 24 12 25 21.17 126.6580  5.7210  66.5 4.3
2013 05 30 02 24 17.72 120.7810 17.7570  24.0 5.3
2013 06 01 16 35 38.74 120.1080 17.1870  40.8 4.7
2013 06 02 01 40 49    124.8800  7.2500  14.8 4.9
2013 06 02 20 08 27.16 124.8470  7.2670  13.1 5.6
2013 06 07 15 39 35.81 125.8250 12.1080  45.7 4.9
2013 06 08 15 38 58.29 126.8360 10.6610  12.7 5.0
2013 06 08 17 45 29.74 126.9760  5.8960  81.6 4.8
2013 06 10 11 52 12.29 126.2070  5.3580  93.8 4.8
2013 06 11 17 09 25.67 120.6630 13.6670 101.1 4.4
2013 06 14 05 19 58.87 127.4940  4.8970 126.5 4.3
2013 06 19 08 30 25.35 125.6950  9.4020  25.2 4.4
2013 06 24 00 51 07.62 126.2150  9.4790  83.6 4.4
2013 07 08 04 56 18.91 126.7080  9.0450  61.9 4.2
2013 07 15 01 28 51.77 125.0190  7.3990  19.0 5.0
2013 07 15 16 22 06.31 126.0530  6.0710 146.5 4.2
2013 07 22 04 50 33.34 127.0870  5.8090  98.9 4.6
2013 07 23 01 46 32.93 126.6310  4.7950  55.4 4.9
2013 07 26 07 46 04.78 124.6580  5.6520  51.2 4.8
2013 07 26 19 59 31.69 122.4580  9.5320  55.4 4.1
2013 07 27 17 55 10.61 126.8820  7.3570  80.5 4.7
2013 07 31 14 52 45.54 126.3490  8.1480  33.5 4.5
2013 08 05 12 04 52.29 126.5980  6.1790  84.9 4.3
2013 08 08 02 03 08.15 126.6540  6.7800 172.6 5.1
2013 08 13 15 41 18.17 126.0760 10.2270  72.8 4.3
2013 08 13 15 54 25.63 126.1560 10.2180  70.6 4.1
2013 08 14 11 24 46.70 126.1280 10.3270  33.6 4.8
2013 08 14 11 51 10.48 126.8840  5.6650  74.3 4.4
2013 08 17 14 15 13.32 128.1160  4.1270  77.7 4.2
2013 08 19 03 45 48.71 126.3480  5.3560  67.0 4.4
2013 08 27 07 03 34.53 125.9630  6.0040 154.4 4.1
2013 09 08 09 27 15.13 126.3160  9.1220  53.8 4.8
2013 09 12 12 32 54.78 125.7640  9.1640  33.7 4.8
2013 09 16 04 08 03.83 126.2290  6.1510 151.2 4.7
2013 10 02 00 38 47.13 120.6970 13.9140 166.1 4.4
2013 10 03 08 52 55.47 120.7670 13.8360 193.7 4.6
2013 10 06 00 09 24.99 126.9000  7.4240  43.6 4.2
2013 10 08 09 37 24.68 125.9940  6.4280  76.3 4.6
2013 10 15 00 18 52.69 124.2780  9.9920  17.1 4.8
2013 10 15 00 25 01.98 123.8200  9.7690  50.4 4.5
2013 10 15 00 31 24.78 124.0200  9.8400  17.1 4.8
2013 10 15 00 32 35.60 124.2040  9.7600  10.3 4.6
2013 10 15 00 33 47.94 124.0720  9.9120  40.6 5.2
2013 10 15 00 39 14.24 124.1230  9.9940  21.0 4.6
2013 10 15 01 03 02.81 124.1540  9.9860  24.8 4.4
2013 10 15 01 07 38.47 124.1620  9.9510  25.1 4.9
2013 10 15 01 24 58.17 123.9260  9.9330  25.3 4.6
2013 10 15 01 30 05.20 124.0780  9.8990  20.4 4.7
2013 10 15 01 35 26.68 123.6940  9.7200  13.6 4.3
2013 10 15 01 37 00.33 123.8790  9.5950  23.9 4.4
2013 10 15 01 37 57.20 123.7730  9.8020  26.8 5.0
2013 10 15 01 55 30.35 124.0440  9.8540  20.2 4.8
2013 10 15 02 36 49.54 124.0890  9.9410  23.0 4.4
2013 10 15 02 42 02.61 124.0470  9.9050  27.8 5.0
2013 10 15 04 00 30.10 123.6260  9.6590  16.2 4.2
2013 10 15 04 22 31.35 124.1120  9.9370  30.2 5.1
2013 10 15 05 12 16.45 123.9110  9.7910  24.8 4.7
2013 10 15 05 47 17.27 124.2020 10.1200  24.1 4.6
2013 10 15 08 23 07.56 124.0110  9.8450  21.0 4.2
2013 10 15 08 42 48.89 123.7530  9.8070  12.2 5.9
2013 10 15 08 52 19.37 124.0840  9.9720  18.5 5.3
2013 10 15 09 18 22.07 124.0350  9.8580  21.2 4.6
2013 10 15 09 47 15.15 124.1570  9.9320  22.2 4.7
2013 10 15 10 11 24.09 123.9860  9.7890  11.8 4.2
2013 10 15 10 47 45.82 123.6670  9.6990  16.1 4.2
2013 10 15 10 49 55.36 123.8880  9.9370  26.2 4.5
2013 10 15 13 01 17.96 124.1050  9.9840  31.5 4.8
2013 10 15 13 51 20.18 123.8810  9.8570  15.5 4.9
2013 10 15 19 47 50.79 123.6710  9.6580  20.1 4.4
2013 10 16 01 37 01.88 123.7520  9.7370  25.4 5.0
2013 10 16 02 42 22.88 124.3950  9.9170  15.4 4.9
2013 10 16 05 33 42.44 123.7120  9.6810  14.2 4.1
2013 10 16 06 33 31.47 124.1600  9.9170  16.5 4.5
2013 10 16 07 17 33.88 123.6530  9.6530  15.9 4.0
2013 10 16 07 31 28.29 123.6990  9.7070  15.6 4.8
2013 10 16 15 08 28.66 123.6520  9.6800  24.1 5.1
2013 10 16 15 32 45.39 123.9060  9.6460  22.7 4.8
2013 10 16 18 57 59.62 123.6480  9.7600  12.2 4.5
2013 10 16 22 19 14.31 124.0820  9.9650  35.1 4.8
2013 10 16 23 37 29.59 123.8950  9.7870  13.2 5.2
2013 10 17 05 46 04.75 124.2810  9.9560  25.4 4.5
2013 10 17 13 56 42.51 123.7090  9.7070  32.7 4.5
2013 10 17 20 33 54.89 125.2940 11.7780  51.5 4.2
2013 10 18 07 24 32.34 124.2030  9.8850  16.2 4.5
2013 10 18 13 22 11.91 123.6230  9.6540  28.1 4.4
2013 10 18 13 40 00.10 126.8600  6.6570  69.4 4.5
2013 10 19 08 13 55.38 121.3150 21.8790  66.1 4.2
2013 10 19 11 19 32.47 124.1890  9.8720  17.1 4.3
2013 10 19 20 40 42.71 124.2540 10.0950  16.5 4.8
2013 10 19 21 11 48.85 123.7440  9.6050  24.0 4.7
2013 10 19 21 29 37.80 124.2260 10.0920  16.1 4.9
2013 10 19 21 43 30.98 124.3180 10.0490  27.5 4.8
2013 10 19 22 38 10.09 124.2200  9.9480  17.6 4.5
2013 10 19 22 53 02.45 124.2090 10.0800  16.8 4.7
2013 10 20 01 45 34.57 124.1370  9.9430  18.5 4.9
2013 10 20 06 24 00.05 124.2010  9.9550  21.0 4.6
2013 10 20 08 05 40.26 123.7720  9.7710  13.7 5.3
2013 10 20 23 22 53.53 124.2010  9.7210  44.0 4.2
2013 10 20 23 34 14.01 124.1770  9.9360  17.0 4.7
2013 10 22 20 53 56.16 125.9480  5.2410  42.5 5.0
2013 10 24 06 36 33.81 126.2760  8.9640  53.7 4.7
2013 10 25 16 41 03.39 127.6910  4.4950 113.1 4.5
2013 10 25 16 59 52.70 124.0430  9.7740  29.2 4.5
2013 10 29 15 41 21.86 124.3210 10.0570  18.1 4.5
2013 11 06 14 54 27.93 120.8590 13.6770 148.3 4.1
2013 11 12 17 59 20.44 126.2280  5.6830 114.1 4.5
2013 11 14 02 58 49.68 126.8430  5.7710 128.0 4.6
2013 11 26 03 29 11.78 125.7920  5.2710  55.1 4.2
2013 12 03 23 58 51.13 126.1120  6.5840  43.3 5.8
2013 12 06 16 39 36.65 122.1270 20.9040 184.6 4.5
2013 12 08 01 33 19.23 122.3700  9.7490  28.9 4.9
2013 12 08 17 48 58.38 120.3050 13.5250  19.0 4.5
2013 12 09 03 01 52.25 125.4310  5.7390 220.0 4.3
2013 12 11 07 07 32.05 120.5920 13.7490 100.1 4.7
2013 12 11 15 40 54.86 127.4240  5.0580  86.7 4.5
2013 12 14 01 47 52.64 126.0980  6.0120 100.3 4.3
2013 12 15 05 42 40.50 126.0270  5.8170 116.1 4.2
2013 12 18 14 46 08.92 120.8510 16.0840  30.5 4.8
2013 12 20 04 48 17.59 122.3180 11.0670  22.2 4.4
2013 12 26 01 16 25.94 126.4450  5.5320  89.2 4.4
2013 12 28 15 48 10.59 126.6970  6.7190 179.4 4.2
2013 12 30 09 33 17.49 125.6840  5.4150 143.2 4.5
2013 12 30 20 31 04.20 120.2920 19.0910  19.5 4.9
2014 01 02 03 01 21.45 127.3540  5.0650 101.1 4.4
2014 01 02 09 56 18.61 126.3230 10.4070  64.9 4.9
2014 01 02 19 02 24.64 120.2760 19.1300  14.5 4.9
2014 01 02 19 30 54.19 120.2730 19.2280  15.0 5.2
2014 01 03 10 24 33.96 120.2620 19.1450  12.2 5.0
2014 01 03 19 52 43    126.3690  8.6970  66.7 4.7
2014 01 07 23 32 48.48 126.3830  5.7780  65.2 4.3
2014 01 10 23 27 36.62 125.9850  6.2150 140.5 4.4
2014 01 12 02 20 45.26 126.3110  8.9280  65.0 4.3
2014 01 12 02 21 04.84 126.3010  8.9170  65.6 4.7
2014 01 12 13 07 50.81 125.6750  5.8180 138.1 4.9
2014 01 21 10 35 16.69 120.1290 13.7540  48.2 4.6
2014 01 25 17 44 01.05 121.0510 18.4190  76.5 4.4
2014 01 26 02 41 40.94 124.6400 11.2330  15.0 4.9
2014 01 26 06 12 04.02 124.6250 11.1810  18.0 4.8
2014 01 26 17 57 43.80 121.8910 13.6070  14.2 4.9
2014 01 26 19 12 20.98 126.7050  8.3630  55.6 4.7
2014 01 27 21 37 11.14 120.5390 14.0800 113.8 4.5
2014 02 01 11 35 11.95 116.5700  6.1030  26.2 4.5
2014 02 02 18 51 10.43 120.3240 20.2150  15.0 5.1
2014 02 04 15 02 47.58 125.8460 10.4600  74.2 4.4
2014 02 07 12 04 40.90 121.2770 19.0450  55.6 4.8
2014 02 13 10 36 27.39 125.4620 11.0090  82.0 4.4
2014 02 16 12 00 24.34 126.1340  4.9190 128.8 4.8
2014 02 17 05 56 01    120.4880 18.5070  32.3 5.4
2014 02 19 11 14 10.79 126.0970  6.0740 136.0 4.5
2014 02 25 11 44 16.61 120.7020 13.6220 143.0 4.5
2014 02 28 02 28 37.60 120.3310 20.2290  12.2 4.9
2014 03 01 05 22 31.76 125.8740  4.3260 163.0 4.8
2014 03 02 17 11 25.45 120.3360 20.2040  17.9 4.8
2014 03 05 19 41 52.75 120.3440 20.1840  16.7 4.4
2014 03 15 00 06 32.07 120.5760 13.6530 103.9 4.2
2014 03 15 10 55 12.69 126.7420 10.5880  17.1 5.4
2014 03 17 12 25 59.82 126.6800  5.0890  39.4 4.7
2014 04 02 12 30 58.83 124.4570 12.7770  89.9 4.3
2014 04 06 00 31 08.86 120.3550 14.8680 100.5 4.2
2014 04 07 17 18 41.32 120.9230 12.9320  22.4 4.6
2014 04 12 10 03 45.69 120.1700 14.8670  74.9 4.5
2014 04 17 16 40 39.59 126.5000  7.8720 135.1 4.1
2014 04 22 19 37 47.80 124.9710 10.9800 197.7 4.1
2014 04 22 20 22 24.93 125.4690 10.1710 190.6 4.3
2014 04 25 01 52 31.62 122.5830 20.5990  13.8 4.0
2014 04 25 06 58 59.61 124.0160  9.8850  23.3 4.5
2014 05 04 09 07 54    124.4740 16.7110  21.7 4.3
2014 05 07 12 26 18.88 127.0530  5.9600  63.2 4.3
2014 05 09 05 44 28.48 125.7000  5.7400 135.4 5.4
2014 05 09 12 54 52.02 126.4090  8.7450  72.5 5.0
2014 05 10 20 07 49.92 123.7450 14.6900  27.0 4.7
2014 05 20 02 17 34.60 122.2350  9.2920  48.6 4.0
2014 05 22 08 50 30.47 121.3710 19.0900  43.1 4.5
2014 05 22 20 17 27.77 122.2570  9.2750  48.9 4.7
2014 05 25 06 49 31.41 121.2080 19.2680  46.0 4.5
2014 05 25 18 50 53.41 125.9230  5.9180 145.6 4.7
2014 05 28 13 23 34.95 126.3560  5.8270 145.8 4.3
2014 05 28 16 58 08.87 121.7110 21.8470  15.0 4.6
2014 05 30 01 33 24    126.0540  4.4040  51.8 4.2
2014 05 30 15 26 15.59 126.6240  9.4250  22.3 5.2
2014 05 30 16 36 23.48 126.6680  9.4750  20.3 5.1
2014 05 30 17 41 27.65 126.6140  9.4280  21.4 5.1
2014 05 30 17 53 09.73 126.5070  9.3050  29.9 4.9
2014 05 30 20 37 58.08 126.7140  9.4180  21.5 4.9
2014 05 31 18 33 08.07 126.6710  9.3900  22.4 4.9
2014 05 31 18 46 49.69 126.5540  9.4070  19.8 5.2
2014 05 31 18 58 35.86 126.6380  9.3890  28.4 5.1
2014 05 31 18 59 59.67 126.5190  9.3620  32.7 5.0
2014 05 31 19 05 38.98 126.6710  9.4270  28.3 5.0
2014 05 31 19 44 40.62 126.5890  9.4250  20.6 4.9
2014 05 31 19 53 50.88 126.5670  9.3610  21.6 4.7
2014 05 31 19 54 17.82 126.4470  9.3540  20.1 5.2
2014 06 01 19 21 24.83 126.8160  9.4590  21.1 4.7
2014 06 02 01 04 06.10 126.6600  9.5610  23.6 5.0
2014 06 04 04 17 11.15 126.4520  6.2290  92.4 4.8
2014 06 04 20 29 34.22 121.4500 20.0870  42.3 4.3
2014 06 09 21 45 15.92 122.2040 10.1040  22.2 5.0
2014 06 09 21 51 42.38 122.0670 10.1880  25.3 4.7
2014 06 10 09 16 22.64 125.8540  9.7940  22.5 4.7
2014 06 11 09 08 20.69 125.7720  9.7750  19.6 5.0
2014 06 20 20 13 58.72 126.5230  7.3640 155.3 4.4
2014 06 21 03 20 19.31 126.7110  6.1360  64.5 4.3
2014 06 22 09 08 57.17 126.7180 10.9030  19.2 5.0
2014 06 26 12 13 26.45 127.0130  5.6890 138.7 4.2
2014 07 11 18 12 21.34 120.8370 13.5350 184.6 3.9
2014 07 14 08 40 55.59 126.5220  5.6810  47.8 4.8
2014 07 14 13 49 24.59 120.7230 17.9850  78.5 4.6
2014 07 14 18 01 16.02 126.4540  5.4870  64.5 4.3
2014 07 24 23 57 26.05 125.3200 10.4870  15.0 5.0
2014 07 26 07 10 27.61 126.6180  5.6280  57.9 4.3
2014 08 03 13 43 26.68 126.7360  5.4980  29.8 4.5
2014 08 06 06 45 46.92 126.6680  5.4620  77.4 4.5
2014 08 07 05 24 52.88 126.3740  4.5950  64.3 5.0
2014 08 08 15 26 43.96 120.3710 14.8920 102.8 4.4
2014 08 13 16 49 43.66 120.7330 13.8670 179.2 4.1
2014 08 14 20 22 49.91 121.0560 21.6310  18.5 4.8
2014 08 19 17 12 17.49 126.4960  5.6340  32.0 5.0
2014 08 22 05 20 11.08 121.2030 21.2950  43.1 4.2
2014 08 25 14 14 31.14 126.6590  7.3470  68.2 4.5
2014 08 30 21 03 29.50 122.1380  9.2120  47.4 4.3
2014 09 01 02 49 48.68 121.7360 19.3390  64.0 4.9
2014 09 01 16 27 30.23 120.7270 13.7580 163.0 4.0
2014 09 03 13 43 59.80 122.4740 15.1220  18.9 5.1
2014 09 06 09 14 24.72 125.8600  5.9530 122.5 4.5
2014 09 09 00 26 26.88 120.7870  5.0220  23.8 5.0
2014 09 13 20 48 34.23 126.0970  5.4920  94.4 4.7
2014 09 17 10 36 48.78 126.8690  6.5680  75.2 4.9
2014 09 19 23 09 54.49 125.2130  6.8360  17.1 4.6
2014 09 20 04 26 09.57 125.1860  6.8440  12.4 5.1
2014 09 20 09 55 08.77 120.6920 13.6420 129.8 4.3
2014 09 26 16 16 02.10 124.4340 13.7530  38.0 5.0
2014 09 29 16 44 18.65 121.3300 21.4570  36.1 4.2
2014 10 02 16 13 24.10 120.6960 15.1580 197.5 4.7
2014 10 03 07 50 53.40 126.3630  5.5010  66.1 4.6
2014 10 03 08 05 45.30 122.1810 11.3980  24.0 5.4
2014 10 04 17 38 37.67 126.0480 11.0200  22.4 5.2
2014 10 04 18 44 31.80 126.1020 10.9760  51.9 4.4
2014 10 09 19 20 06.23 120.3110 20.2420  12.9 5.0
2014 10 10 12 58 19.72 126.3660  4.4130  83.3 4.9
2014 10 12 09 12 52.33 124.0170  6.2220  30.8 4.4
2014 10 13 13 45 59.34 122.0950 21.0700 188.4 4.0
2014 10 16 17 08 16.14 126.4310  5.5400  29.7 5.0
2014 10 19 09 14 03.33 127.7270  4.4110 130.5 4.4
2014 10 19 10 29 30.16 127.4810  4.9710  97.5 4.4
2014 10 19 18 14 27    124.6020 14.2010  21.1 5.0
2014 10 20 18 53 55.71 124.9750  6.8330  15.0 4.6
2014 10 22 02 30 33.12 125.0720  6.7840  26.0 4.6
2014 10 23 09 50 16.47 125.8430  5.8210 125.8 4.8
2014 10 25 10 52 59.51 125.8350  8.3920  26.5 4.5
2014 10 27 08 32 05.33 126.8000  9.7980  19.6 5.0
2014 10 27 08 34 18.06 126.7920  9.7940  20.2 5.3
2014 10 31 08 13 13.58 125.8440  9.5450 115.8 4.3
2014 11 04 13 52 37.41 124.0380  9.8300  22.6 4.4
2014 11 08 12 42 44.21 126.1300  5.0560 108.5 4.9
2014 11 10 12 20 10.42 126.6210  5.6530  99.3 4.7
2014 11 15 02 21 11.44 126.0960  5.4150 119.6 4.4
2014 11 16 13 37 53.43 124.3390 10.5810  21.9 4.4
2014 11 17 13 34 13.55 120.4400 19.5430  15.0 5.1
2014 11 17 14 01 28.81 120.4880 19.5520  15.0 5.3
2014 11 17 14 13 41.68 120.4620 19.5610  15.0 5.3
2014 11 17 14 16 32.62 120.3500 19.4460  15.0 4.9
2014 11 17 14 46 11.45 120.4410 19.5290  13.1 4.7
2014 11 17 14 50 02.67 120.4700 19.5670  12.3 4.7
2014 11 18 09 15 54.63 120.4980 19.4930  15.0 5.2
2014 11 21 04 06 19.20 127.0470  6.0850  65.3 4.4
2014 11 23 12 52 09.97 125.4810  6.0590  99.4 4.5
2014 11 24 13 46 48.09 123.0000  9.5060 138.3 4.3
2014 12 01 11 06 32.83 126.7060  5.4900  44.4 5.1
2014 12 03 09 56 56.29 126.7230  5.6850  98.9 4.8
2014 12 10 20 27 55.34 121.2260 19.1390  49.5 4.9
2014 12 12 03 20 46.80 126.4230  4.5440  82.1 4.4
2014 12 13 01 01 21.93 127.0340  4.7920  58.2 4.5
2014 12 16 17 06 42.72 120.0780 16.0960  67.4 4.8
2014 12 17 06 36 38.09 124.3170  8.3470  25.4 4.6
2014 12 17 12 35 36.22 126.8190  6.7260 214.6 4.6
2014 12 21 00 25 23    125.9340 11.5510  25.4 5.3
2014 12 21 10 00 10.74 126.0220 11.6030  18.5 5.1
2014 12 29 09 29 38.68 121.5730  8.7100  15.0 5.8
2014 12 30 15 25 32.14 126.3970  9.9340  18.3 4.8
2014 12 30 19 09 02.80 126.4490  9.9030  18.0 4.9
2014 12 30 21 53 59.04 126.3600  9.8830  45.2 4.7
2014 12 31 09 26 24.97 120.7080 13.8370 133.0 5.2
2014 12 31 10 21 47.89 120.7540 13.7990 134.3 4.6
