2000 01 02 12 47 00.05 125.1640  5.6790  70.0 4.8
2000 01 06 21 31 05.26 119.3660 16.1260  15.0 5.7
2000 01 11 22 28 08.82 122.3520 16.8440  25.0 4.7
2000 01 17 16 45 17.73 125.8420  5.9550 115.0 4.3
2000 01 21 03 11 59.23 125.7240 13.1680  15.0 5.5
2000 01 25 18 10 34.49 126.9320  5.9630 117.7 4.5
2000 01 30 21 26 08.63 126.0380 10.4550  45.0 4.4
2000 02 01 02 08 29.83 126.5950  9.6980  25.0 4.4
2000 02 03 18 22 35.67 121.4580 13.6130  10.0 4.4
2000 02 03 18 30 05.70 121.3420 13.5550  10.0 4.5
2000 02 27 12 03 58.88 121.8880 10.6540  15.0 4.7
2000 02 29 08 31 18.83 121.8280 10.6160  15.0 4.5
2000 03 02 20 57 28.97 121.4070 20.1320  35.0 4.5
2000 03 11 21 41 30.21 125.8350 11.3860  35.0 4.5
2000 03 19 11 36 22.75 126.5460 10.3190  25.0 4.5
2000 03 20 08 42 30.31 119.7880 14.9980  35.0 4.5
2000 03 23 19 46 15.98 125.7300  4.9390 115.0 4.5
2000 03 27 22 05 59.69 126.5150  6.4550  60.0 4.2
2000 04 03 05 45 51.13 128.2340  4.0150  70.0 4.7
2000 04 13 13 12 54.07 126.4310 10.2530  25.0 5.1
2000 04 13 20 51 14.69 126.5390 10.2480  25.0 4.4
2000 04 13 22 45 18.71 125.5200 11.4510  35.0 4.6
2000 04 14 00 18 37.15 126.3620 10.2640  25.0 4.6
2000 04 14 00 32 04.11 126.4400 10.3350  25.0 4.2
2000 04 18 06 37 04.45 128.2130  4.0280  35.0 4.4
2000 04 18 06 43 36.55 128.3380  4.0230  15.0 4.9
2000 04 18 17 03 30.40 126.4600  8.8370  50.0 4.3
2000 04 19 00 52 28.28 128.3190  4.0920  60.0 4.8
2000 04 19 13 36 25.45 128.1190  4.0220 105.0 4.3
2000 04 23 06 48 48.41 119.6440 14.4800  25.0 4.4
2000 04 27 18 12 18.62 126.2360  5.3160  35.0 4.5
2000 04 29 13 13 57.12 126.6030 10.4010  15.0 4.5
2000 04 29 22 49 12.29 122.3460  9.7120  35.0 4.5
2000 05 08 10 25 23.41 124.7420 10.9860   5.0 5.1
2000 05 08 13 54 59.42 124.7910 11.0190  10.0 5.1
2000 05 12 15 09 07.66 126.9810  8.7100  15.0 4.3
2000 05 14 01 49 50.75 126.9250  5.4720  70.0 4.3
2000 05 17 09 46 21.77 123.8400 10.9220  15.0 4.7
2000 05 22 17 42 32.13 127.0670  8.5730  15.0 4.6
2000 05 23 22 30 22.32 126.9680  5.1270 110.0 4.5
2000 05 31 16 26 27.37 126.7320  7.6920  55.0 4.9
2000 06 11 21 29 42.94 126.3460 10.2540  25.0 4.8
2000 07 01 17 53 49.70 121.4060 20.0920  35.0 4.2
2000 07 04 22 54 09.02 122.2040 20.2330  20.0 4.5
2000 07 17 03 30 51.50 119.7330 15.2490  35.0 4.7
2000 07 18 13 10 40.57 125.8840 11.0820  35.0 4.7
2000 07 18 22 59 16.21 120.7980 17.8210  25.0 5.3
2000 07 31 19 12 39.68 124.9850 13.6370  35.0 4.3
2000 08 04 13 33 46.79 126.2600 10.0750  35.0 4.3
2000 08 31 11 58 17.74 119.0940 15.6230  15.0 4.9
2000 09 06 00 21 27.12 125.6550  4.4110 107.7 4.2
2000 09 26 12 12 43.24 126.4610  6.8840  20.0 4.7
2000 09 27 00 54 22.12 127.4450  5.0360 130.0 4.4
2000 09 29 17 30 12.51 126.4610  9.2270  25.0 4.5
2000 09 29 22 48 11.17 122.2350 12.0820  20.0 5.0
2000 09 29 22 54 00.96 122.3250 12.1510  20.0 4.4
2000 09 29 23 55 06.54 122.2250 12.1660  20.0 4.3
2000 10 07 02 01 54.43 121.8860 15.7060  25.0 4.5
2000 10 22 06 01 04.16 126.8100  5.7260 119.3 4.9
2000 10 22 17 53 26.17 122.3310  9.6520  35.0 4.6
2000 11 05 13 22 56.42 126.2280  9.1760  65.0 4.5
2000 11 07 18 55 39.02 123.1820 18.6220  15.0 4.4
2000 11 09 09 34 34.32 127.7210  4.6630  95.0 4.2
2000 11 15 09 23 40.30 119.6910 17.3350  35.0 5.3
2000 11 30 16 41 12.38 126.2510 10.6080  25.0 4.5
2000 12 10 12 54 22.23 125.9390 10.6330  70.0 4.6
2000 12 11 10 04 22.75 122.3220 10.0890  35.0 4.5
2000 12 13 13 05 14.31 125.9270 11.5630  15.0 4.5
2000 12 15 00 55 46.67 121.1850 21.0970  25.0 4.4
2000 12 20 20 44 29.83 126.3320  4.1620  75.0 4.4
2000 12 21 16 42 55.16 126.7160  7.3210  65.0 4.8
2000 12 25 04 39 04.88 125.9450 11.5880  15.0 4.4
2000 12 30 09 43 26.96 122.7770 21.8370  15.0 4.2
2001 01 01 08 36 56.26 126.9460  6.6320  45.0 5.0
2001 01 01 09 12 28.96 127.0170  6.5590  45.0 4.8
2001 01 01 09 20 14.38 126.9700  6.5650  45.0 4.9
2001 01 01 09 34 32.69 126.9830  6.8220  45.0 4.9
2001 01 01 21 28 52.77 127.0580  6.3720  45.0 5.0
2001 01 01 22 27 28    127.0870  6.5620  45.0 4.5
2001 01 01 22 41 28.84 126.9910  6.8070  45.0 4.9
2001 01 01 22 59 32.56 126.9140  6.8050  45.0 5.0
2001 01 02 07 30 06.58 126.8880  6.7050  45.0 5.8
2001 01 03 15 13 01.95 126.9880  6.6950  45.0 4.9
2001 01 04 11 01 35.39 127.1580  6.8480  45.0 4.9
2001 01 04 11 27 38.48 127.1290  6.8400  45.0 4.6
2001 01 04 17 44 38.92 127.1990  6.1730  45.0 4.7
2001 01 04 19 39 27.22 126.8830  6.6830  45.0 4.9
2001 01 05 01 42 03.19 127.0780  6.8380  45.0 4.8
2001 01 05 23 23 49.45 127.0870  6.9620  25.0 4.8
2001 01 06 04 03 19.81 127.2950  5.7040  40.0 5.0
2001 01 08 17 43 26.93 124.4230 11.4590  10.0 4.3
2001 01 12 01 39 44.10 122.5500 15.1740  15.0 4.7
2001 02 13 04 52 03.32 121.9670  5.4870  35.0 4.6
2001 02 20 21 33 56.70 125.0470 11.7510  15.0 4.7
2001 02 28 15 47 50.88 127.1090  6.4960  20.0 4.3
2001 04 21 22 36 22.15 126.6930  7.7620  82.0 4.2
2001 05 03 04 25 22.04 119.9490 17.1870  35.0 4.8
2001 05 05 05 33 14.72 126.3200 10.0200  15.0 4.5
2001 05 11 02 26 02.30 121.0730 16.4580  25.0 4.8
2001 05 17 14 41 53.02 124.6090 11.2900  10.0 4.5
2001 06 24 16 54 42.86 124.8060 11.0970  15.0 4.5
2001 06 25 05 31 53.10 119.9620 17.1860  35.0 4.3
2001 06 25 12 30 22.86 126.8940  8.4480  15.0 5.0
2001 06 25 12 55 18.90 126.9330  8.4110  15.0 5.0
2001 06 25 13 12 33.57 126.9220  8.4120  15.0 4.7
2001 07 30 05 14 11.81 123.3420 12.6680  15.0 5.0
2001 08 07 03 53 44.19 121.0570 21.3860  10.0 4.4
2001 08 31 06 35 04.14 124.1880 13.0290  35.0 4.5
2001 09 05 03 59 15.15 126.3180  8.7810  82.8 4.8
2001 09 06 05 17 44.68 125.9380 10.0450  77.4 5.0
2001 09 06 20 54 11.98 126.4550  9.5260  25.0 4.8
2001 09 26 14 20 15.72 120.9750 12.3780  35.0 4.3
2001 09 26 21 00 20.20 126.2490  8.7280  30.6 4.2
2001 10 03 11 49 42.49 125.5440  4.3750  25.0 4.7
2001 11 14 08 20 46.19 125.9910 12.8420  10.0 4.6
2001 11 18 23 49 36    121.0100 18.4790  20.0 5.3
2001 11 19 01 05 58.74 120.9700 18.4570  22.5 4.6
2001 12 02 00 15 38.91 125.9210 12.7360  33.0 4.1
2001 12 31 14 41 05.91 124.3750 11.4660  15.0 4.3
2002 01 02 15 49 23.09 120.7490 17.0390 115.0 4.9
2002 01 10 20 37 28.94 125.6130  5.9810  70.9 4.4
2002 01 22 06 47 07.92 121.6710 21.8970  10.0 4.7
2002 01 24 23 16 37.16 121.2560 19.1580  35.0 4.4
2002 01 26 20 51 44.95 120.3770 18.2690  25.0 4.7
2002 02 06 02 49 36.62 122.4350  8.8640  15.0 4.9
2002 02 09 01 24 57.79 121.1940 20.8480  26.9 4.6
2002 03 05 21 39 11.84 124.1430  6.0040  30.0 4.9
2002 03 05 21 48 27.99 124.0530  6.1150  30.0 5.0
2002 03 06 01 21 35.30 124.3730  5.8680  30.0 4.7
2002 03 06 03 25 06.43 126.4020  5.3710  30.0 4.7
2002 03 06 04 08 51.08 124.3710  5.8230  30.0 4.8
2002 03 06 05 10 29.25 123.8190  6.1120  30.0 4.4
2002 03 06 05 38 10.19 124.5170  5.7200  30.0 4.7
2002 03 06 08 34 17.75 124.3940  5.8690  30.0 4.6
2002 03 06 13 02 39.02 124.4160  5.6140  30.0 4.7
2002 03 06 13 53 40    124.2400  5.8220  30.0 4.3
2002 03 06 19 19 53.90 124.4570  5.5690  30.0 4.9
2002 03 07 03 30 05.88 124.1840  5.7650  30.0 4.3
2002 03 08 00 07 56.75 124.2340  5.7420  30.0 4.8
2002 03 08 00 44 22.58 126.6920  7.6590  62.7 4.5
2002 03 08 01 05 53.64 124.1660  5.7770  30.0 4.3
2002 03 08 19 08 26.66 124.2360  5.8520  30.0 5.0
2002 03 12 16 49 59.63 124.2600  5.8720  39.4 4.4
2002 03 12 19 47 45.50 124.3610  5.9580  30.4 4.5
2002 03 20 18 55 12.90 123.5920 16.5010  25.0 4.8
2002 04 14 04 05 25.66 126.7450  7.2950  35.0 5.3
2002 04 16 23 55 22.42 123.0220 14.6890  35.0 4.3
2002 04 19 06 06 29.45 124.0250 12.8270  35.0 4.7
2002 04 21 00 04 29.98 124.3180  5.2130  35.0 4.7
2002 05 10 17 22 55.75 126.2380 10.8610  35.0 4.8
2002 05 11 00 06 34.62 120.0290 17.1400  30.0 4.8
2002 05 21 11 35 36.14 121.1560 19.1620  15.0 4.6
2002 05 22 09 25 09.66 126.5650  4.0890  30.0 4.6
2002 05 22 16 20 47.23 126.5790  4.1120  30.0 4.7
2002 05 22 22 21 24.60 126.5770  4.1280  30.0 4.4
2002 05 22 23 51 44.28 126.3540  4.0690  30.0 4.6
2002 05 24 01 22 33.48 126.6010  4.1620  30.0 4.5
2002 06 29 05 56 29.72 126.2060 11.2600  50.0 4.4
2002 07 02 20 38 09.67 126.8930  4.6780 108.3 4.7
2002 07 12 10 19 15.89 121.1190 19.2280  25.0 4.6
2002 08 27 07 44 37.74 126.4870 10.4220  20.0 4.5
2002 09 08 17 28 31.75 124.6510  5.7310  35.0 4.7
2002 09 17 07 48 42.33 124.8730  4.7420  62.0 4.8
2002 09 18 02 21 09.83 121.5930 21.9540  10.0 4.7
2002 10 13 02 08 24.31 118.4340 15.0330  15.0 4.8
2002 10 31 21 15 51.98 121.4360 21.8560  18.6 4.9
2002 11 02 10 38 14.21 125.9940 12.6800  34.0 4.5
2002 11 11 08 57 39.66 121.7540 14.4030  20.0 4.8
2002 11 23 15 04 34.16 121.1420 19.0470  15.0 4.4
2002 11 27 00 17 19.51 120.8500 12.3140  15.0 4.8
2002 11 27 11 42 21.95 120.8720 12.3020  35.0 4.7
2002 12 07 03 45 14.43 121.8650 21.4680  10.0 4.7
2002 12 11 06 43 34.56 125.0240 13.1000  25.0 4.5
2002 12 21 06 09 17.75 121.4090 21.7250  15.0 4.9
2002 12 22 21 44 13.20 119.8820 17.1420  35.0 5.3
2002 12 30 04 49 12.88 123.2940  7.3760  25.0 5.6
2002 12 30 05 01 34.11 123.2640  7.2690  25.0 4.7
2003 01 06 23 43 53.47 119.4300 15.6760  15.0 5.4
2003 02 17 16 07 27.41 123.9670 11.9970  10.0 4.5
2003 02 19 19 11 14.34 121.6400 21.9070  10.0 4.4
2003 03 08 09 01 31.12 126.2990  9.9180  27.5 4.8
2003 04 03 09 43 02.08 123.8180 12.1320  10.0 4.5
2003 04 08 05 38 22.77 125.0050 12.8880  35.0 4.6
2003 04 12 23 22 49.84 126.3440  9.1410  62.7 4.4
2003 04 17 22 24 23.63 126.4810 10.3480  15.0 4.6
2003 05 02 15 30 23.80 123.9920 12.0030  10.0 4.9
2003 05 17 08 28 05.26 121.2340 19.1460  15.0 4.9
2003 05 23 05 58 44.41 124.1510 12.0170  15.0 4.7
2003 05 23 13 59 34.59 124.1490 11.9690  10.0 4.7
2003 05 26 01 03 28.18 125.4350  9.6180  25.0 4.7
2003 06 08 15 55 08.55 125.6400 12.8070  25.0 4.3
2003 06 26 13 28 43.15 123.7930 12.1990  15.0 4.3
2003 07 03 05 02 45.41 124.8560 13.2360  35.0 4.5
2003 07 06 17 56 02.46 125.4600  9.6370  25.0 4.4
2003 07 07 20 14 49.45 122.0870 20.4610  15.0 4.2
2003 07 17 03 19 59.85 119.5930 18.0100  30.0 4.8
2003 07 31 09 47 19.62 126.9250  5.0930  15.0 5.2
2003 08 04 23 13 27.65 126.3540  5.8800  15.0 4.7
2003 08 07 13 34 51.36 123.8600 12.1920  10.0 4.6
2003 08 31 12 58 51.02 119.6320 13.8650  25.0 4.6
2003 09 06 14 47 12.85 121.5780 21.9440  10.0 4.3
2003 10 09 02 19 46.74 126.4660 11.2200  47.4 4.5
2003 10 10 03 32 44.50 126.4570  7.4790  15.0 5.0
2003 10 15 16 47 38.80 126.6350  9.7690  25.0 4.4
2003 10 16 18 09 22.29 126.5620  9.6270  55.0 4.1
2003 10 26 21 14 53.56 120.6140 15.2830  15.0 4.4
2003 10 27 07 17 25.71 122.0290 15.1980  15.0 4.7
2003 10 27 07 58 53.91 122.1230 15.1890  10.0 4.5
2003 10 29 05 56 50.13 119.4280 16.0540  15.0 5.0
2003 11 05 02 38 30.71 124.0500 11.9540  15.0 4.4
2003 11 18 17 53 58.40 125.5620 12.1100  35.0 4.7
2003 11 19 18 21 15.36 125.2430  4.0490  35.0 5.0
2003 11 23 05 52 20.07 126.9610  4.8480  55.0 4.6
2003 12 15 00 51 03.87 123.0720 14.3520  16.4 4.7
2003 12 19 04 11 24.09 124.2460 15.2130  15.0 4.8
2004 01 04 14 34 45.53 122.3760 20.2060  15.0 4.3
2004 01 18 04 25 10.18 120.2670 20.0550  15.0 4.3
2004 01 24 18 41 01.27 121.1230 21.9250  15.0 4.4
2004 02 26 08 32 27.52 123.2660  8.1280  15.0 4.6
2004 02 26 14 15 59.97 123.2460  8.1840  15.0 4.4
2004 02 26 15 30 10.37 123.2380  8.1320  15.0 4.5
2004 02 27 00 33 24.01 123.2810  8.1350  15.0 4.6
2004 02 27 21 32 07.62 122.2010 19.4460  15.0 4.3
2004 03 12 03 28 59.74 120.4760 18.0070  60.0 4.5
2004 03 17 06 16 26.51 124.7180 11.1500  10.0 5.0
2004 03 18 15 51 26.78 124.2210 13.0550  15.0 4.4
2004 03 27 23 21 05.06 124.3530 11.2410  15.0 5.3
2004 04 06 13 13 47.71 121.1430 21.0560  25.0 4.5
2004 05 01 06 03 35.59 122.6370 16.4450  15.0 4.3
2004 05 09 07 47 17.79 126.2090 10.4050  15.0 4.8
2004 05 12 14 35 32.08 121.1870 19.1930  35.0 4.3
2004 05 17 08 11 46.27 126.3220  7.6600  15.0 5.0
2004 05 21 19 46 54.89 126.3630  7.5500  15.0 4.4
2004 06 01 16 18 06.85 125.9400 11.3530  15.0 4.6
2004 06 02 02 27 53.10 125.7710 13.2630  15.0 4.2
2004 07 01 22 14 46.27 121.5710 17.2350  15.0 5.0
2004 07 09 12 09 26.71 125.4010 12.8800  15.0 4.5
2004 07 23 02 00 59.06 119.2160 15.6200  15.0 4.6
2004 07 31 09 27 38.56 122.4400 20.2180  33.0 4.5
2004 07 31 09 45 48.79 122.4790 20.1820  33.0 4.4
2004 09 03 23 45 23.73 126.8170  9.1720  15.0 4.7
2004 09 14 20 15 16.76 127.4670  7.9680  15.0 5.3
2004 09 28 17 49 06.11 126.5460  9.4310  35.0 4.3
2004 10 06 18 56 22.11 126.0700 10.0340  66.0 4.7
2004 10 11 09 02 07.49 119.3270 15.5550  15.0 4.4
2004 10 21 13 50 11.92 126.8970  9.8260  25.0 4.4
2004 11 10 21 51 14.06 125.2240 10.3320  15.0 4.6
2004 11 19 07 04 12.22 126.3800  6.5040  72.2 4.6
2004 11 27 22 59 07.59 124.6440 14.0300  25.0 4.4
2005 01 13 11 28 09.79 127.1910  8.3550  15.0 4.4
2005 01 16 03 13 16.84 120.0570 13.5480  15.0 4.6
2005 02 11 06 06 21.81 121.2040 19.1770  15.0 4.5
2005 03 03 12 34 36.70 127.4190  6.6020  15.0 4.6
2005 03 21 02 24 08.41 125.4950  9.7830  15.0 4.5
2005 04 24 12 17 40    120.1700 21.7060  38.3 4.5
2005 05 07 00 53 23.20 126.4280  9.9920  15.0 4.7
2005 05 12 08 37 07.56 120.3550 16.9360  20.0 4.4
2005 05 17 05 12 51.58 119.3970 14.1930  15.0 4.4
2005 05 23 19 58 09.38 117.6720  6.2610  15.0 4.8
2005 06 07 23 52 24.35 126.5450  7.4460  81.0 4.4
2005 06 11 05 06 37.41 122.0240 15.3850  15.0 4.5
2005 07 19 07 59 02.99 126.4120  4.4350  15.0 4.8
2005 08 06 12 40 35.77 125.8490 11.8590  15.0 5.0
2005 08 06 13 08 06.50 125.9090 11.8900  15.0 4.6
2005 08 06 21 18 26.65 121.1380 19.1800  35.0 4.6
2005 08 10 05 43 31.35 125.8100 11.8540  15.0 4.8
2005 08 17 01 02 26.56 122.5300  8.1110  50.0 4.7
2005 09 08 08 26 03.12 125.4150  9.7050  15.0 4.7
2005 09 26 10 40 04.68 119.7660 13.6720  15.0 4.7
2005 10 04 09 12 43.80 125.4490  9.4920  15.0 4.8
2005 10 07 05 42 43.58 123.8430  6.2360  15.0 4.8
2005 10 13 23 31 54.05 120.1240 21.2490  15.0 4.8
2005 11 18 04 33 59.84 123.3190 14.7310  15.0 4.9
2005 11 30 16 53 42.75 123.9950  6.1950  15.0 5.7
2005 12 01 23 01 41.04 127.0280  8.3650  15.0 4.6
2005 12 16 05 15 33.29 121.6950 21.9710  15.0 5.0
2006 01 07 13 06 48.49 126.9580  8.3910  15.0 4.5
2006 01 10 10 59 36.64 126.7020  8.7610  10.0 4.6
2006 02 08 00 13 26.47 125.1140  7.7990  15.0 4.7
2006 03 26 05 49 55.04 122.3110 18.5530  25.0 4.6
2006 03 31 17 51 21.07 121.4780 19.7660  15.0 4.4
2006 05 11 00 22 58.45 128.0930  4.2170 131.0 4.2
2006 05 25 23 51 16.01 119.9580 20.6580  15.0 4.2
2006 06 01 17 12 02.63 120.1440 20.6400  28.8 4.1
2006 06 04 23 57 57.43 119.6900 17.5700  35.0 4.5
2006 06 11 07 52 00.57 120.0030 20.6300  15.0 4.3
2006 06 15 06 02 25.05 120.0730 19.0080  15.0 4.4
2006 06 24 23 23 36.58 120.1240 18.9950  20.0 4.1
2006 06 25 00 43 43.22 120.0830 19.0500  15.0 4.6
2006 06 30 01 25 28.01 119.9530 19.0640  15.0 4.5
2006 07 01 11 38 07.68 120.9970 18.2600  20.0 4.6
2006 07 09 21 52 57.61 126.7200  6.7100 180.0 4.3
2006 08 09 00 15 40.18 126.7640  6.1370 114.7 4.9
2006 09 06 05 21 07.26 125.4140 11.9970  41.9 4.6
2006 09 23 07 49 57.10 125.1950 13.5240  15.0 4.8
2006 10 09 10 28 35.80 119.9460 20.7440  28.5 4.6
2006 10 09 11 00 24.24 119.9510 20.7270  15.0 4.8
2006 10 09 11 02 04.33 120.0280 20.5800  15.0 4.8
2006 10 09 11 04 27.05 119.9140 20.6820  15.0 4.9
2006 10 09 11 08 28.84 119.9790 20.7370  15.0 5.7
2006 10 09 11 29 49.55 119.9810 20.6810  15.0 4.6
2006 10 09 11 43 36.89 119.9820 20.5710  15.0 4.8
2006 10 09 14 12 17.10 120.0790 20.7010  15.0 4.5
2006 10 09 18 40 48.37 120.0020 20.5480  15.0 4.6
2006 10 10 23 17 46.77 120.0650 20.7870  15.0 4.9
2006 10 11 01 24 05.56 119.9530 20.6310  15.0 4.2
2006 10 11 01 26 09.21 119.9540 20.7210  15.0 5.0
2006 10 11 01 51 31.18 120.0250 20.7670  15.0 4.8
2006 10 16 17 31 33.13 126.8950  5.0220  15.0 4.5
2006 10 20 15 11 18.47 121.4850 13.4260  18.7 4.5
2006 10 21 02 53 26.75 121.4530 13.3510  15.0 4.6
2006 10 21 15 41 00.13 119.2530 18.3220  15.0 4.5
2006 10 23 00 19 21.86 125.2550  4.9190  15.0 5.5
2006 10 23 00 36 20.54 125.3410  4.9250  15.0 4.7
2006 10 23 00 41 38.51 125.2760  4.9080  15.0 4.6
2006 10 23 01 40 10.13 125.3300  4.9430  15.0 4.7
2006 10 23 07 27 34.19 125.4100  4.8980  15.0 5.1
2006 10 24 04 45 37.99 125.4370  4.9760  15.0 5.0
2006 11 13 09 06 53.56 120.1050 20.7460  31.7 4.5
2006 11 17 02 25 12.47 127.4580  4.6410  69.5 4.6
2006 11 24 04 25 32.80 126.0940 12.6910  15.0 4.6
2006 12 03 09 28 08.07 119.0140 15.9730  25.0 4.3
2006 12 20 23 55 54.61 125.8100 13.3070  15.0 5.4
2006 12 22 03 43 51.42 125.8740 13.3010  15.0 4.3
2006 12 22 21 31 51.73 125.8640 13.3620  15.0 4.5
2006 12 26 13 13 29.46 120.5420 21.6720  15.0 4.5
2006 12 26 14 53 19.05 120.5330 21.8100  15.0 4.8
2006 12 26 17 35 11.64 120.6090 21.8110  15.0 5.1
2006 12 28 16 51 16.98 120.5190 21.9320  15.0 4.3
2007 01 06 01 23 23.23 119.9690 20.8690   9.9 4.2
2007 01 14 00 47 37.32 126.2730  4.5730  40.0 4.8
2007 02 11 21 02 56.40 126.4790  5.5540  15.0 5.0
2007 02 28 03 30 25.77 126.2370 11.5050  15.0 4.6
2007 03 19 03 24 06.93 126.8500  4.1380 113.7 4.4
2007 04 13 09 34 26.53 125.7640  4.3450  35.0 4.6
2007 04 30 13 30 35.98 126.5870  4.1350 104.1 4.5
2007 05 15 15 58 40.75 121.9890 20.6050  15.0 4.7
2007 07 19 15 10 17.88 125.2460 10.3450  10.0 5.0
2007 08 20 13 46 18.30 127.4580  6.1250  15.0 6.4
2007 08 31 03 04 25.77 125.8130  8.8440  27.9 4.4
2007 10 23 20 34 33.63 119.2310  5.7200  15.0 5.1
2007 10 25 15 32 39.58 122.5200 15.3330  35.0 4.8
2007 12 02 17 10 47.91 122.7120 16.7040  25.0 4.5
2008 01 05 09 13 30.94 124.5310 14.3280  35.0 4.7
2008 01 05 15 08 32.53 124.6060 14.3900  15.0 4.2
2008 01 06 22 53 22.29 122.1500 16.9950  30.0 4.2
2008 01 11 19 27 21.36 120.1240 20.7280  15.0 4.1
2008 02 08 16 38 57.65 122.1080 20.3080  15.0 4.3
2008 02 09 19 17 27.19 119.1130 16.8000  15.0 4.4
2008 02 13 13 11 59.52 121.0690 16.8790  20.0 4.4
2008 02 15 20 13 50.62 125.7670 13.4230  15.0 4.8
2008 02 19 14 08 49.06 119.1910 16.7950  25.0 4.6
2008 02 26 19 14 23.28 127.0900  8.6010  15.0 4.3
2008 03 03 17 12 56.47 125.6860 13.4180  15.0 4.6
2008 03 05 17 52 31.67 122.6170 15.4250  15.0 4.5
2008 03 12 21 06 11.91 126.4000 10.6400  15.0 4.2
2008 03 29 08 09 46.90 122.0320 20.1790  15.0 5.2
2008 03 29 09 41 53.80 122.2920 20.0230  16.4 4.3
2008 03 30 15 22 15.41 122.1090 20.1430  15.0 4.2
2008 04 02 15 05 23.49 125.4730 13.6010  15.0 4.4
2008 04 19 01 38 39.90 127.2020  4.2480  35.0 5.0
2008 04 25 17 40 30.02 121.2610 19.7910  25.0 4.2
2008 05 01 16 02 22.13 126.7460  5.9890  15.0 4.2
2008 05 04 03 01 03.32 122.5480 17.5340  15.0 4.3
2008 05 04 17 18 50.64 122.5760 17.5760  25.0 4.6
2008 05 18 06 26 42.29 118.1710  4.6700  15.0 4.7
2008 06 01 03 41 37.39 121.3520 20.0990  40.0 4.4
2008 06 02 13 36 21.99 125.4750  9.6920  15.0 4.3
2008 06 04 01 12 18.12 125.8840  5.9450 170.0 4.7
2008 06 20 14 10 16.82 122.1940 20.1490  15.0 4.7
2008 06 26 22 39 51.54 125.8410 12.0950  15.0 4.1
2008 07 10 17 32 26.21 124.6650  6.5430  15.0 5.3
2008 07 12 22 29 51.20 121.1060 21.0510  35.0 4.3
2008 07 14 11 07 57.50 121.0660 21.1190  15.0 4.5
2008 08 17 04 12 34.45 124.3680 13.0560  15.0 4.2
2008 08 17 14 41 07.96 124.3810 13.1160  15.0 4.8
2008 08 25 02 43 04.53 125.3300 10.3630  15.0 5.5
2008 09 27 03 08 48.33 120.3970 13.3940  26.3 4.5
2008 09 27 03 09 06.05 120.4470 13.5500  15.0 5.5
2008 09 27 04 41 45.32 120.4990 13.3910  26.3 4.3
2008 10 29 22 18 06.28 126.5580  4.1700  15.0 4.8
2008 11 18 17 55 00.91 126.8790  4.1610  15.0 4.6
2009 01 23 12 38 14.77 121.2280 21.2090  15.0 5.4
2009 02 11 18 27 26.39 126.5000  4.0120  15.0 4.9
2009 02 12 01 47 23.61 126.8720  4.1430  15.0 4.6
2009 02 12 08 16 22.51 126.8830  4.0290  15.0 4.6
2009 02 12 09 12 29.57 126.8270  4.0970  15.0 4.5
2009 02 12 13 14 28.58 126.4810  4.0240  15.0 4.4
2009 02 12 13 55 56.74 126.7630  4.0870  15.0 4.6
2009 02 13 06 37 12.81 126.7960  4.1000  15.0 4.5
2009 02 13 09 54 43.06 126.6670  4.1190  15.0 4.6
2009 02 14 01 31 32.48 126.8130  4.0640  15.0 4.4
2009 02 14 08 03 34.93 126.7760  4.0580  15.0 4.6
2009 02 22 10 42 36.83 124.9160  5.7170  35.0 4.5
2009 02 23 04 06 08.66 126.7930  4.0590  15.0 4.9
2009 02 27 17 43 05.29 125.6680  9.4580  15.0 4.4
2009 03 10 16 05 10.48 126.7950  4.2480  15.0 4.4
2009 03 12 09 03 06.66 125.8470 13.1990  15.0 4.5
2009 03 29 11 59 36.22 120.6280 19.8610  25.0 4.9
2009 04 16 01 07 19.50 126.3870 12.3660  15.0 4.5
2009 04 19 05 35 08.43 127.0150  4.2520  15.0 4.6
2009 04 19 06 01 11.05 126.9550  4.1510  15.0 4.5
2009 04 19 09 58 26.80 126.9250  4.2300  15.0 4.5
2009 04 19 17 42 31.89 126.9630  4.1850  15.0 4.5
2009 04 20 15 18 07.77 126.9110  4.1700  15.0 4.3
2009 05 30 20 15 04.07 126.6460  6.8470  45.0 4.9
2009 06 14 21 22 32.24 126.9390  5.5550  15.0 4.5
2009 06 30 19 49 57.95 121.2330 21.0830  15.0 4.4
2009 07 15 23 57 40.89 126.6050  9.4940  15.0 4.7
2009 07 18 04 32 53.36 126.8160  5.0200  15.0 4.8
2009 07 20 17 14 38    120.1780 19.3210  15.0 4.5
2009 09 04 04 49 11.33 117.1060  7.3420  20.0 4.3
2009 09 09 05 53 52.15 125.9050 12.1500  15.0 4.8
2009 09 23 08 46 09.74 124.5800  6.4010  15.6 4.8
2009 09 30 01 46 53.20 126.7310  4.9520  15.0 4.8
2009 10 12 15 36 51.12 119.3990 18.4860  15.0 4.6
2009 10 20 18 15 18.07 125.7420 12.3230  15.0 4.9
2009 10 25 21 16 49.44 126.6570  7.7110  86.1 4.4
2009 10 27 00 05 52.56 124.7650  6.4510  15.0 4.7
2009 11 25 06 36 52.75 126.7960  4.2430  15.0 4.5
2009 11 26 15 16 02.94 126.2740  4.0130  15.0 4.3
2009 12 04 01 18 01.21 126.6500  4.1880  15.0 4.4
2009 12 11 22 37 52.90 126.6360  5.3790  15.0 4.3
2009 12 22 01 28 52.08 122.7430 17.1850  15.0 4.2
2009 12 31 12 22 26.59 122.7890 19.5290  20.0 4.9
2010 01 14 18 31 35.99 126.2850 11.1240  15.0 4.7
2010 01 21 02 11 14    125.4630 13.7280  15.0 4.3
2010 02 11 12 30 14.09 119.8510 13.7640  15.0 4.5
2010 02 14 20 21 43.49 126.1150  5.7030 145.0 4.7
2010 02 21 20 51 29.93 124.6210 11.1190  15.0 4.5
2010 02 25 22 54 10.64 121.3500 20.7510  15.0 4.6
2010 03 01 03 15 51.66 126.4930  7.0790  15.0 4.9
2010 03 04 02 08 18.30 122.1150 20.2260  15.0 4.4
2010 03 05 00 44 39.82 122.0390 20.2420  15.0 4.6
2010 03 05 01 43 39.96 122.0720 20.2840  15.0 4.8
2010 03 08 17 22 07.11 122.1500 20.2760  15.0 4.8
2010 03 20 16 28 11.55 126.6500  4.1970  15.0 4.2
2010 03 26 18 17 11.71 125.2240 13.4770  15.0 4.8
2010 04 04 08 08 38.18 127.1040  4.3900  15.0 4.4
2010 05 22 10 22 49.39 121.7890 15.0090  15.0 4.5
2010 05 28 19 59 37.59 126.4220 10.8620  15.0 4.3
2010 06 11 02 25 14.65 119.4010 17.7750  15.0 5.2
2010 07 04 03 42 47.79 125.0230 11.1190  15.0 4.4
2010 07 20 02 52 49.06 121.9800 21.1160  15.0 4.4
2010 07 30 00 22 04.90 120.8660 13.2730  15.0 4.6
2010 09 27 01 39 17.15 126.1200 10.1060  75.9 4.5
2010 10 04 01 38 27.31 122.1640 19.2770  15.0 5.4
2010 10 14 06 06 13.82 121.0520 21.6530  15.0 4.6
2010 10 21 12 45 53.78 122.4540 15.1850  15.0 4.7
2010 12 18 05 14 40.20 126.3080 10.5140  15.0 4.5
2010 12 18 18 11 13.75 126.3780 10.4540  15.0 4.6
2010 12 19 10 10 08.38 126.4700 10.4810  15.0 4.6
2010 12 19 11 17 39.48 126.4890 10.4510  15.0 4.2
2010 12 29 16 57 22.35 119.0840 15.5230  15.0 4.3
2011 01 06 15 26 38.36 126.3990 10.9910  15.0 4.6
2011 01 08 19 22 25.18 127.2090  8.9190  15.0 4.2
2011 01 09 20 37 28.16 127.2310  9.0520  15.0 4.7
2011 01 19 00 48 01.49 119.2800 15.0760  15.0 4.1
2011 02 14 07 26 56.20 119.4580 14.7430  15.0 4.3
2011 02 17 22 20 48.47 120.5040 16.4600  15.0 4.5
2011 03 19 00 36 16.56 126.6630  6.1430  15.0 4.6
2011 03 26 00 04 39.93 127.3420  6.2220  15.0 4.2
2011 03 28 05 32 27.96 125.0640  8.6560  15.0 4.2
2011 03 31 16 37 10.91 126.7360  5.7660  15.0 4.7
2011 04 04 17 59 55.96 125.8620 12.2090  15.0 4.3
2011 04 13 23 16 42.48 127.0570  4.6250  81.0 4.4
2011 04 15 04 21 35.71 126.3620  9.7990  15.0 4.3
2011 04 26 03 16 25.36 120.1950 20.4740  15.0 4.4
2011 04 28 07 22 09.78 119.9810 18.8230  15.0 4.7
2011 05 01 21 21 30.36 126.9060 10.9640  15.0 4.3
2011 05 27 21 18 39.65 122.7600  9.2130  15.0 4.3
2011 06 12 06 24 07.45 126.5510  4.0600  15.0 4.7
2011 06 12 14 51 50.97 122.5780 16.8550  15.0 4.3
2011 06 28 09 50 00.90 125.3070  4.7280  15.0 5.1
2011 07 02 09 07 34.41 126.7700  6.0830 116.1 4.5
2011 07 02 10 04 08.07 121.5670 22.0000  15.0 4.5
2011 07 11 20 52 33.31 122.1250  9.5230  10.0 4.6
2011 07 11 20 54 41.20 122.0990  9.5560  10.0 4.8
2011 07 11 20 57 28.09 122.1700  9.5290  10.0 4.3
2011 07 11 21 01 07.08 122.3220  9.4770  10.0 4.3
2011 07 11 21 05 23.83 122.0720  9.6760  10.0 5.0
2011 07 11 21 10 04.56 122.2380  9.5100  29.0 4.7
2011 07 11 21 24 06.71 122.2640  9.5730  15.0 4.7
2011 07 11 21 30 58.59 122.1420  9.6110   1.4 4.4
2011 07 11 21 54 05.89 122.3810  9.6550  10.0 4.5
2011 07 11 22 04 05.55 122.1140  9.6120  10.0 4.4
2011 07 11 22 13 08.46 122.0290  9.4810  10.0 4.2
2011 07 11 22 14 55.27 122.1880  9.5630   7.4 4.2
2011 07 11 23 12 31.18 122.1540  9.4050  15.5 4.3
2011 07 12 00 43 51.85 122.0870  9.5100  10.0 4.0
2011 07 12 00 49 31.89 122.1570  9.6130   1.7 4.4
2011 07 12 18 08 20.02 122.2570  9.5630  10.0 4.4
2011 07 14 19 05 02.89 122.1560  9.6170  10.0 4.3
2011 08 02 09 00 19.68 125.9200 12.6320  15.0 4.8
2011 08 30 16 15 49.61 120.8240 20.4460  15.0 4.7
2011 08 31 11 22 31.44 121.1060 21.7250  15.0 4.8
2011 10 06 17 50 11.24 126.7720  4.1900  15.0 4.6
2011 10 22 04 03 02.56 122.0430 19.7930  15.0 4.4
2011 10 23 22 02 18.93 126.5910 10.0170  15.0 4.3
2011 11 20 22 01 31.70 127.7540  5.6700  15.0 4.2
2011 11 29 22 32 17.03 126.4100 10.4630  15.0 4.5
2011 11 30 00 41 20.55 119.0330 15.4010  15.0 4.4
2011 11 30 05 32 47.84 119.1360 15.4430  15.0 4.3
2011 12 10 16 52 25.44 126.2560 11.2410  15.0 4.2
2011 12 18 05 16 39.97 122.2850  8.7580  26.3 4.5
2011 12 20 03 34 44.35 122.4510 13.2350  15.0 4.7
2012 01 08 21 18 34.08 126.5730  9.1230  15.0 4.2
2012 01 14 18 48 38.23 124.5830 11.2650  15.0 4.2
2012 01 19 00 53 57.54 126.0590 11.9140  15.0 4.7
2012 01 19 20 23 43.54 126.1090 11.2500  15.0 4.1
2012 01 20 16 38 31.36 122.4990 18.2360  15.0 4.7
2012 01 26 11 24 23.54 126.5630  9.1880  15.0 4.2
2012 02 01 04 26 15.50 125.7900 11.7120  15.0 4.7
2012 02 04 13 19 39.79 125.8920 12.0370  15.0 4.6
2012 02 04 13 25 37.86 126.0320 12.0320  15.0 4.3
2012 02 04 13 46 28.23 125.8860 12.0800  15.0 4.6
2012 02 04 18 16 43.68 125.7980 12.1210  15.0 4.5
2012 02 04 19 42 20.92 126.0410 12.0190  15.0 4.5
2012 02 06 03 49 13.38 123.1480 10.0270  15.0 6.2
2012 02 06 04 03 11.95 123.2030  9.9490  15.0 4.1
2012 02 06 04 20 00.68 123.1640 10.1220  15.0 5.4
2012 02 06 10 10 20.68 123.1040  9.9080  15.0 5.7
2012 02 06 11 33 21.36 123.1710  9.9640  10.0 4.1
2012 02 06 11 33 36.93 123.0960  9.8890  15.0 5.6
2012 02 07 13 08 06.52 123.3760 10.1820  15.0 4.7
2012 02 07 20 37 44.44 123.3590 10.2190  10.0 5.2
2012 02 07 20 48 09.40 123.2950 10.2440  15.0 4.5
2012 02 08 00 41 03.58 123.3800 10.2560  10.0 5.0
2012 02 08 00 44 49.47 123.2350 10.1310  15.0 4.5
2012 02 11 05 30 37.36 123.2240 10.1180  15.0 4.6
2012 03 03 07 02 43.77 126.6320  9.5620  15.0 4.5
2012 03 08 09 20 54.45 119.4480 18.2780  15.0 4.4
2012 03 09 08 45 53.80 121.7390 19.4310  20.0 4.8
2012 04 11 16 13 42.17 119.9720 20.9720  15.0 4.2
2012 04 23 09 14 28.54 126.6480 11.3920  15.0 4.2
2012 06 04 18 14 53.76 122.4290 18.3830  15.0 4.4
2012 06 10 09 28 12.29 121.5330 20.0670  15.0 4.6
2012 06 14 11 27 09.75 122.7310  8.0690   2.8 4.4
2012 07 18 06 36 49.27 126.1320 11.3580  15.0 5.1
2012 08 31 13 02 11.04 127.1120 11.0080  35.0 4.8
2012 08 31 13 05 12.64 126.8080 10.6230  15.0 4.5
2012 08 31 13 08 38.87 126.8190 10.4290  15.0 4.8
2012 08 31 13 10 39.30 127.0770  9.7470  15.0 4.6
2012 08 31 13 14 56.70 126.9330 10.6170  15.0 5.3
2012 08 31 13 16 11.46 126.7600 10.4130  15.0 5.0
2012 08 31 13 17 45.72 126.7990 10.4960  15.0 4.8
2012 08 31 13 27 19.29 126.9950 10.6500  15.0 4.4
2012 08 31 13 27 29.29 126.8990 10.6170  15.0 5.2
2012 08 31 13 36 29.40 126.9780 10.4620  15.0 4.8
2012 08 31 13 37 29.19 126.7850 10.7960  15.0 4.8
2012 08 31 13 39 12.91 126.8510 10.4460  15.0 4.9
2012 08 31 13 40 29.85 126.7440 10.4990  15.0 5.0
2012 08 31 13 45 12.77 126.7830 10.4150  15.0 4.4
2012 08 31 13 48 05.71 126.9800 10.3590  15.0 4.3
2012 08 31 13 51 24.18 126.7350 10.8100  15.0 4.3
2012 08 31 13 55 06.82 126.8720 10.5930  15.0 4.4
2012 08 31 14 15 59.99 126.7470 10.5330  15.0 4.8
2012 08 31 14 18 03.37 126.9120 10.5430  15.0 4.5
2012 08 31 14 27 59.16 126.7780 10.4850  15.0 4.6
2012 08 31 14 38 43.42 126.8680 11.1080  35.0 4.4
2012 08 31 14 44 50.70 126.7220 10.8370  15.0 4.5
2012 08 31 14 54 55.37 126.8600 10.4470  15.0 4.2
2012 08 31 14 59 54.54 126.9020 10.4400  15.0 5.0
2012 08 31 15 15 02.59 126.8930 10.5090  15.0 4.4
2012 08 31 15 21 49.96 126.9050 10.5080  15.0 4.3
2012 08 31 15 24 03.34 126.9660 10.4280  15.0 4.8
2012 08 31 15 51 51.54 126.7610 10.6390  15.0 4.3
2012 08 31 15 59 24.63 126.8320 10.7020  15.0 4.3
2012 08 31 16 00 03.89 126.7180 10.5620  15.0 4.6
2012 08 31 16 26 42.09 127.0110 10.2590  15.0 4.5
2012 08 31 16 43 22.73 126.8320 10.3950  15.0 4.3
2012 08 31 16 46 14.17 127.0030 10.8110  35.0 4.2
2012 08 31 16 55 08.94 126.7520 11.0910  15.0 4.8
2012 08 31 17 46 59.16 126.6930 10.5330  15.0 4.4
2012 08 31 17 53 58.16 126.8810 10.8710  35.0 4.4
2012 08 31 19 08 48.74 126.9650 10.3020  15.0 4.4
2012 08 31 19 17 46.60 126.6490 10.4820  15.0 4.3
2012 08 31 19 40 59.87 126.8270 10.6940  15.0 4.7
2012 08 31 20 26 47.06 126.7930 10.7950  15.0 5.1
2012 08 31 21 22 27.48 126.8100 10.6850  15.0 4.8
2012 08 31 22 01 17.63 126.8750 11.0760  15.0 4.9
2012 08 31 22 07 53.22 126.9000 10.6070  15.0 4.1
2012 08 31 23 36 40.58 126.8240 10.6100  15.0 4.3
2012 08 31 23 40 05.43 126.8550 10.3960  15.0 4.8
2012 09 01 00 36 02.95 126.6540 11.2730  15.0 4.2
2012 09 01 01 16 06.11 126.7290 10.5450  15.0 5.4
2012 09 01 01 16 18.62 127.0030 10.6500  15.0 5.2
2012 09 01 01 28 46.30 126.8420 10.4500  15.0 4.5
2012 09 01 01 37 33.45 126.9300 10.5110  15.0 4.6
2012 09 01 02 15 56.17 126.8800 10.5470  15.0 4.1
2012 09 01 02 20 04.18 126.7810 10.4750  15.0 4.2
2012 09 01 02 20 27.97 126.7980 10.5440  15.0 4.3
2012 09 01 03 19 04.87 126.8150 10.7570  15.0 4.3
2012 09 01 03 19 18.84 126.9150 10.5380  15.0 4.3
2012 09 01 03 19 38.42 126.8940 10.7990  15.0 4.5
2012 09 01 05 50 11.55 126.8280 10.6310  15.0 4.5
2012 09 01 08 18 45.02 126.8930 10.4190  15.0 4.6
2012 09 01 08 41 37.91 126.6890 10.2500  15.0 4.2
2012 09 01 09 01 01.02 126.9160 10.3820  15.0 4.5
2012 09 01 09 39 13.89 126.9350 10.2930  15.0 4.3
2012 09 01 09 52 02.47 126.9680 10.3130  15.0 4.4
2012 09 01 10 09 46.75 127.0130 10.3820  15.0 4.4
2012 09 01 10 18 05.03 126.4180 10.3550  15.0 4.1
2012 09 01 11 24 15.60 126.7560 11.1100  15.0 4.4
2012 09 01 12 19 14.60 126.9500 10.3560  15.0 4.5
2012 09 01 12 37 29.95 126.9230 10.6820  15.0 4.5
2012 09 01 14 54 02.39 126.8600 10.6380  15.0 4.3
2012 09 01 14 55 26.91 126.8860 10.6370  15.0 4.7
2012 09 01 18 06 42.67 126.6260 10.8170  15.0 4.5
2012 09 01 23 58 03.20 126.9730 10.4160  15.0 4.3
2012 09 02 08 01 47.08 126.8500 10.8190  15.0 4.4
2012 09 02 08 25 26.42 126.2950 10.5340  15.0 4.1
2012 09 02 08 29 02.70 126.3200 10.2860  44.0 4.2
2012 09 02 15 18 26.80 126.9910 10.3660  15.0 4.4
2012 09 02 16 18 16.65 126.7160 11.3230  15.0 4.2
2012 09 02 18 54 26.72 126.8940 10.6240  15.0 4.7
2012 09 02 21 31 27.02 126.7410 10.9820  15.0 4.3
2012 09 02 22 22 03.28 126.7140 10.9480  15.0 4.1
2012 09 02 22 55 16.17 126.6990 10.9270  15.0 4.6
2012 09 03 02 29 03.21 126.7340 11.1720  15.0 4.1
2012 09 03 03 39 34.27 126.5830 10.3860  15.0 4.2
2012 09 03 04 20 22.61 126.6680 11.3140  15.0 4.4
2012 09 03 09 21 36.55 126.8290 10.4070  15.0 4.6
2012 09 03 10 02 56.19 126.6030 10.1230  15.0 4.5
2012 09 03 15 56 56.32 126.7040 10.9240  15.0 4.1
2012 09 03 15 57 50.87 126.5580 10.9150  15.0 4.1
2012 09 03 16 33 20.52 126.7180 10.9730  15.0 4.1
2012 09 03 19 52 28.86 125.0660  7.8850  15.0 4.3
2012 09 03 22 18 37.48 126.5910 10.4090  15.0 4.5
2012 09 04 00 51 41.81 126.8160 10.3820  15.0 5.0
2012 09 04 02 34 50.50 126.8760 10.3360  15.0 4.3
2012 09 04 06 45 08.23 126.7870 10.6650  15.0 4.8
2012 09 04 07 05 30.62 126.8350 10.5310  15.0 4.8
2012 09 04 09 39 57.42 126.9520 10.5100  15.0 4.7
2012 09 04 15 08 54.64 126.8430 10.8100  15.0 4.4
2012 09 04 15 11 10.73 126.7360 10.6660  15.0 5.5
2012 09 04 19 32 31.83 126.5650 11.2370  15.0 4.6
2012 09 04 23 12 36.65 126.8410 10.5800  15.0 4.4
2012 09 05 00 23 36.12 126.7100 10.8920  15.0 4.1
2012 09 05 00 35 27.48 126.7750 11.6670  15.0 5.1
2012 09 05 10 58 21.06 126.6850 11.6160  40.0 4.4
2012 09 06 04 00 35.44 126.8190 10.6130  15.0 4.3
2012 09 06 09 15 27.66 126.8770 10.4680  15.0 4.3
2012 09 06 19 04 25.97 126.6530 11.0420  15.0 4.9
2012 09 07 02 32 23.69 126.9030 10.1980  15.0 4.2
2012 09 07 04 12 15.02 126.7470 10.7250  15.0 4.3
2012 09 07 08 30 20.57 126.6440 10.4540  15.0 4.5
2012 09 07 17 44 35.82 126.8230 10.5880  15.0 4.9
2012 09 07 17 45 28.82 126.8830 10.5830  15.0 4.8
2012 09 07 17 49 43.86 126.8440 10.5860  15.0 4.6
2012 09 08 01 05 28    127.1530  7.1380  35.0 4.4
2012 09 08 07 24 21.87 126.8390 10.6920  15.0 4.4
2012 09 08 08 23 37.27 126.6280 10.8900  15.0 4.4
2012 09 08 12 19 39.98 126.8250 10.7800  10.0 4.5
2012 09 08 12 44 05.37 126.7470 10.4180  15.0 4.7
2012 09 08 18 40 46.33 126.6920 11.2840  15.0 4.6
2012 09 08 22 11 25.25 126.9330 10.0460  15.0 4.2
2012 09 09 04 03 20.41 126.5900 10.5030  15.0 4.3
2012 09 09 10 02 02.59 126.7910 10.8370  15.0 4.3
2012 09 10 09 27 25.86 126.8890 10.6400  15.0 4.3
2012 09 10 10 01 24.46 126.9350 10.4500  15.0 4.2
2012 09 10 22 27 52.40 126.6180 10.4880  15.0 4.5
2012 09 11 18 10 06.94 126.7860 10.7430  15.0 5.0
2012 09 12 13 36 17.05 126.7620 11.0940  15.0 4.1
2012 09 12 15 08 22.40 126.8360 10.6570  15.0 4.2
2012 09 13 03 20 29.11 126.7010 10.2440  15.0 4.3
2012 09 13 05 54 47.89 126.9790 10.3270  15.0 5.4
2012 09 13 09 02 42.05 126.7900 10.6370  15.0 4.3
2012 09 14 08 55 36.17 126.5100 10.2160  15.0 4.2
2012 09 15 06 50 33.44 126.6800 10.8410  15.0 4.2
2012 09 16 22 09 07.78 126.8260 10.5840  15.0 4.6
2012 09 17 18 27 25.33 126.8450 10.6900  15.0 4.2
2012 09 18 01 06 45.76 126.7320 11.2190  15.0 4.2
2012 09 21 03 22 56.83 126.8150 10.7110  15.0 4.5
2012 09 21 15 26 55.03 126.7600  9.8340  15.0 4.3
2012 09 22 11 45 35.12 126.9170 10.3930  15.0 4.6
2012 09 23 05 12 49.46 126.6550 10.2220  15.0 4.3
2012 09 23 06 30 26.72 125.2400 12.9590  15.0 4.7
2012 09 23 15 23 48.30 126.8760 10.6550  15.0 4.3
2012 09 24 02 46 09.33 126.9070 10.2710  15.0 4.9
2012 09 24 14 29 10.20 126.9470 10.6200  15.0 4.2
2012 09 25 09 59 15.10 126.6830  9.8010  15.0 4.4
2012 09 25 10 41 22.57 126.7220  9.7900  15.0 4.7
2012 09 25 13 37 33.74 126.5820  9.8650  15.0 4.3
2012 10 04 14 55 25.52 126.6980  9.8860  15.0 4.1
2012 10 06 08 39 57.87 126.5860 11.2370  15.0 4.5
2012 10 26 19 01 52.57 126.6800 11.1800  15.0 4.3
2012 10 26 20 58 07.59 126.3870 11.5660  15.0 4.4
2012 10 27 15 46 25.49 126.8170 10.4880  15.0 5.1
2012 10 28 01 53 11.89 126.9230 10.5780  15.0 4.7
2012 10 28 02 01 21.13 126.8570 10.5310  15.0 4.1
2012 10 28 02 32 10.23 126.8230 10.5510  15.0 4.3
2012 10 28 02 35 10.43 126.8010 10.5830  15.0 4.8
2012 10 28 02 38 19.38 126.7790 10.5130  15.0 4.2
2012 10 28 02 43 09.85 126.7210 10.5640  15.0 5.3
2012 10 28 02 49 31.27 126.8160 10.4360  15.0 4.1
2012 10 28 03 04 26.81 126.9110 10.5010  15.0 4.5
2012 10 28 03 37 25.94 126.8870 10.5530  15.0 4.5
2012 10 28 06 15 12.47 126.8640 10.4660  15.0 4.7
2012 11 01 11 18 16.71 126.7110 10.4430  15.0 4.3
2012 11 03 11 12 18.56 126.8570 10.5350  15.0 5.2
2012 11 04 05 24 24.50 126.8360 10.3870  15.0 4.2
2012 11 05 00 55 36.51 125.2390  4.7350  15.0 4.8
2012 11 05 01 01 38.84 125.2610  4.6240  10.0 4.2
2012 11 06 14 27 54.77 126.8360 10.4290  15.0 4.7
2012 11 11 16 10 05.64 126.7580 10.7740  15.0 4.4
2012 11 25 07 14 52.23 126.6530  5.7480  45.0 4.7
2012 11 26 07 23 34.90 126.7770 10.4970  15.0 5.1
2012 11 26 22 25 42.76 126.8730 10.6440  15.0 4.4
2012 11 26 22 32 41.89 126.8550 10.5890  15.0 4.2
2012 11 26 23 48 21.77 126.8260 10.4220  15.0 4.0
2012 12 06 00 43 22.19 126.6560 11.0560  15.0 5.3
2012 12 06 10 26 16.59 126.6940 11.0430  15.0 4.5
2012 12 09 08 09 59.23 125.5440 13.1690  15.0 4.3
2012 12 12 01 50 14.81 126.6880 10.5480  15.0 4.4
2012 12 15 03 17 14.12 126.5760 10.3490  15.0 3.8
2012 12 16 12 08 22.07 126.7400 10.1960  15.0 4.3
2012 12 16 23 58 27.02 124.6590 11.0600  15.0 4.4
2012 12 22 03 24 35.12 121.5670 21.9810  15.0 4.2
2012 12 23 01 00 31.40 126.7960 10.6300  15.0 4.3
2012 12 24 14 18 43.62 126.6890  4.1790  15.0 4.5
2012 12 27 16 32 50.80 127.0410 10.9860  10.0 4.6
2012 12 29 08 54 22.80 126.9450 10.3800  15.0 4.3
2013 01 01 08 16 38.57 118.9280 18.3640  15.0 4.7
2013 01 07 03 33 25.74 126.6360  9.0290  15.0 4.2
2013 01 08 08 14 44.31 126.9190  6.8830  56.2 4.2
2013 01 08 11 20 31.32 127.1140  6.9290  15.0 3.9
2013 01 16 20 44 31.88 126.8210 10.6140  15.0 4.2
2013 01 28 21 01 29.16 126.8680 10.5350  15.0 4.2
2013 01 30 03 48 04.47 126.8330 10.5020  15.0 4.3
2013 01 30 04 24 37.21 126.9000 10.5050  15.0 4.2
2013 01 30 13 25 35.98 126.9160 10.3290  15.0 4.0
2013 01 30 15 34 20.82 126.8760 10.5800  15.0 4.6
2013 01 31 04 11 11.29 126.8050 10.4820  15.0 4.4
2013 02 04 07 16 04.86 120.6790 16.3740  15.0 4.5
2013 02 15 22 02 16.23 125.7850 11.9430  15.0 4.5
2013 02 16 05 44 24.02 126.8120  8.6620  15.0 4.5
2013 02 26 05 55 04.15 128.3560  4.4030  15.0 4.3
2013 02 28 16 27 45.40 125.7560 13.0690  15.0 4.6
2013 03 17 18 21 30.59 117.1060  7.9620  20.0 4.2
2013 03 30 02 09 14.21 126.4470 10.0940  15.0 4.0
2013 03 30 10 35 29.25 126.6860  4.0760  15.0 4.3
2013 04 02 18 53 32.27 126.9480 10.6780  15.0 4.2
2013 04 10 20 20 27.45 122.0800 20.7810  15.0 5.9
2013 04 10 20 59 26.72 122.2050 20.7520  30.0 4.7
2013 04 10 22 53 55.82 122.2390 20.8080  35.0 4.1
2013 04 11 05 57 21.06 122.2060 20.8460  15.0 4.3
2013 04 11 16 16 03.02 122.2030 20.6890  15.0 4.4
2013 04 12 20 53 56    125.4990  9.7890  15.0 4.3
2013 04 13 09 07 02.12 127.1310  7.1220  15.0 4.3
2013 04 13 13 10 38.76 122.1540 20.7350  15.0 4.0
2013 04 20 23 09 39.74 121.5140 21.9580  15.0 4.4
2013 04 26 14 30 26.45 126.9820  8.5260  15.0 4.3
2013 05 19 12 47 49.02 128.4610  4.2250  15.0 4.5
2013 05 21 20 59 11.71 122.1200  9.5780  37.7 4.4
2013 05 24 11 42 54.24 126.8650  9.0990  15.0 4.3
2013 05 30 09 48 13.09 127.1300 10.3120  15.0 4.3
2013 06 01 05 17 23.48 125.8270 12.2510  15.0 5.0
2013 06 01 14 10 07.59 124.9220  7.2950  15.0 5.5
2013 06 01 14 40 20.51 124.9670  7.3170  15.0 4.6
2013 06 01 20 32 20.29 121.3600 21.9500  15.0 4.7
2013 06 02 23 31 03.99 124.9340  7.2340  15.0 4.4
2013 06 07 07 38 25.99 126.8180 10.6800  15.0 4.8
2013 06 08 02 11 55.21 126.7790 10.6900  15.0 5.5
2013 06 08 06 00 57.61 126.8530 10.6000  15.0 4.5
2013 06 08 07 37 03.08 126.8020 10.6580  15.0 5.1
2013 06 08 08 18 41.61 126.7100 10.6890  15.0 4.5
2013 06 08 20 33 28.09 126.8660 10.6870  15.0 5.1
2013 06 08 20 39 25.80 126.8730 10.6350  15.0 4.7
2013 06 09 03 12 44.37 126.8470 10.7580  15.0 4.4
2013 06 17 06 36 27.91 126.9920 10.1680  15.0 4.2
2013 07 25 10 51 25.46 125.0430  7.3680  15.0 4.6
2013 08 09 02 30 15.99 127.0040  8.3840  15.0 4.3
2013 08 15 08 14 11.65 126.3630 10.0580  15.0 4.3
2013 08 16 12 03 21.33 126.7530  4.2340  15.0 4.4
2013 08 19 06 18 46.37 125.1020 10.4690  15.0 4.4
2013 09 03 09 54 58.33 120.4870 21.8960  15.0 4.3
2013 09 07 23 52 43.99 127.9730  6.5420   0.3 4.4
2013 09 14 17 57 28.99 125.5590  9.9850  15.0 4.6
2013 09 24 23 07 19.95 128.3830  4.0860  15.0 5.0
2013 09 26 00 57 17.48 126.0420 12.5680  15.0 4.2
2013 10 08 02 02 52.05 122.0210 20.3280  15.0 4.2
2013 10 12 18 47 02.62 121.6020 13.5090  31.8 4.6
2013 10 15 00 19 28.35 124.0310  9.8550  20.6 5.2
2013 10 15 00 29 01.75 124.2520 10.0290  48.7 5.2
2013 10 15 08 36 22.69 124.2970  9.9150  15.0 5.3
2013 10 15 09 33 50.63 124.2280  9.8200   6.0 4.2
2013 10 16 05 28 38.80 124.2300  9.9940  15.0 4.7
2013 10 16 07 36 11.07 123.6550  9.6560  15.0 4.6
2013 10 16 09 56 54.58 124.1550  9.9400  15.0 4.8
2013 10 18 04 56 19.97 122.3910 16.6700  15.0 4.5
2013 10 18 08 48 05.52 123.9830  9.7950  15.0 4.7
2013 10 20 23 03 19.06 124.0710  9.8420  15.0 5.3
2013 10 22 18 42 02.87 124.2310 10.0550  15.0 5.0
2013 10 28 07 14 25.13 127.2010  8.0370  15.0 4.2
2013 11 01 13 58 40.98 124.1630  9.9030  15.0 5.0
2013 11 02 19 29 27.17 126.6080  4.9600  15.0 4.3
2013 11 12 20 44 13.19 124.1270  5.7020  35.0 4.3
2013 11 16 14 19 16.12 126.9110 10.5620  15.0 4.3
2013 12 10 20 22 45.32 119.1280 14.3880  15.0 4.3
2013 12 15 23 22 18.52 126.8220  4.0080  15.0 4.3
2013 12 27 08 10 44.39 125.9040 12.0020  15.0 4.6
2013 12 29 17 49 52.48 126.9150 10.5100  15.0 5.0
2013 12 30 20 17 59.45 120.3300 19.1050  15.0 5.0
2013 12 31 20 01 07.20 120.2950 19.0990  15.0 5.7
2013 12 31 20 04 31.73 120.3560 19.0530  15.0 5.0
2013 12 31 20 07 45.09 120.3140 19.0060  15.0 4.5
2013 12 31 21 32 02.98 120.2780 19.0790  15.0 5.0
2013 12 31 21 45 55.99 120.3010 19.1020  15.0 4.8
2013 12 31 23 41 47.80 120.2450 19.0830  15.0 5.1
2014 01 01 00 01 18.05 120.2600 19.0770  20.0 5.0
2014 01 05 16 25 23.15 122.6190  8.4740  48.1 4.4
2014 01 05 16 58 16.06 120.1290 13.3410  15.0 4.4
2014 01 19 02 55 16.48 126.6460  8.7720  29.8 4.3
2014 01 23 19 55 01.72 119.8750 18.0950  25.0 4.8
2014 01 29 16 02 22.81 126.3590  9.9930  25.0 4.9
2014 01 30 21 41 43.15 127.8140  4.6860  15.0 4.2
2014 02 01 05 40 51.91 119.3130 17.1670  15.0 4.4
2014 02 01 05 57 27.47 119.2760 17.1880  15.0 4.5
2014 02 01 07 23 07.56 119.3450 17.1690  15.0 4.2
2014 02 01 20 35 35.98 119.2740 17.1830  15.0 4.2
2014 02 01 21 55 58.66 119.3670 17.1890  15.0 4.0
2014 02 02 05 00 58.72 119.3570 17.2400  15.0 4.1
2014 02 04 12 18 34.52 121.1520 19.2730  35.0 4.7
2014 02 14 21 04 13.75 124.2360  9.8940  10.0 4.2
2014 02 26 04 10 16.59 120.3530 20.2380  15.0 4.4
2014 02 28 10 58 48.66 120.2860 20.2190  15.0 4.5
2014 03 05 20 25 46.02 120.2990 20.2150  15.0 4.3
2014 03 06 16 58 22.99 126.5870 10.4610  15.0 4.3
2014 03 09 05 43 31.67 119.3360 17.1640  15.0 4.4
2014 03 09 05 45 58.86 119.3470 17.2620  15.0 4.8
2014 03 09 11 13 39.51 127.1170  8.6400  15.0 4.2
2014 03 12 11 01 47.57 119.3480 17.3030  15.0 4.5
2014 03 12 13 52 14.45 119.3870 17.2300  15.0 4.2
2014 03 17 05 30 06.45 125.3980  9.6290  15.0 5.0
2014 03 19 14 56 44.62 126.8850  4.2000  15.0 4.4
2014 03 24 13 12 05.29 119.2910 17.2300  15.0 4.2
2014 04 12 21 50 48.12 125.4410  9.7480  15.0 4.8
2014 04 14 04 56 15.91 126.7180  9.0370  25.0 4.6
2014 04 17 15 47 02.92 120.3240 20.2110  15.0 5.1
2014 04 17 15 50 01.10 120.3540 20.1800  15.0 4.8
2014 04 24 04 49 33.91 126.3540  9.8510  25.0 4.7
2014 05 02 07 25 48.80 125.4030 13.5350  15.0 4.5
2014 05 11 13 30 29.68 126.5900  5.5650  65.0 5.2
2014 05 30 15 51 13.83 126.7240  9.3850  25.0 4.5
2014 05 30 15 52 03.73 126.7340  9.3690  25.0 4.7
2014 05 30 16 01 03.75 126.6550  9.5090  25.0 4.2
2014 05 30 16 28 36.02 126.7560  9.5130  25.0 4.5
2014 05 30 16 59 53.98 126.7330  9.4200  25.0 4.5
2014 05 30 17 06 12.07 126.8990  9.5170  25.0 4.3
2014 05 30 17 06 39.07 126.3540  9.2390  25.0 4.4
2014 05 30 18 10 21.24 126.7580  9.4160  25.0 4.5
2014 05 30 18 12 34.34 126.8950  9.3580  25.0 4.3
2014 05 30 18 15 54.83 126.6670  9.4230  25.0 4.8
2014 05 30 21 14 36.31 126.8600  9.4270  25.0 4.3
2014 05 31 11 41 41.17 126.7210  9.4570  25.0 4.3
2014 05 31 18 13 53.13 126.7530  9.4260  25.0 4.4
2014 05 31 18 17 16.16 126.7580  9.4370  25.0 4.2
2014 05 31 19 03 19.99 126.6210  9.3630  25.0 4.8
2014 05 31 20 02 55.42 126.8820  9.3940  25.0 4.3
2014 05 31 20 07 11.16 126.7150  9.3860  25.0 4.4
2014 05 31 20 23 37.33 126.9440  9.4160  25.0 4.3
2014 05 31 21 57 11.84 126.7030  9.4390  25.0 4.5
2014 05 31 23 17 42.80 126.5190  9.3560  25.0 4.8
2014 06 01 11 31 53.57 126.5980  5.5240  15.0 4.8
2014 06 01 13 59 43.05 126.8510  9.3570  25.0 4.3
2014 06 04 13 53 32.35 126.5570  9.2780  25.0 4.6
2014 06 04 20 20 24.04 126.7980  9.3610  25.0 4.1
2014 06 07 19 20 35.46 126.8470  9.6810  25.0 4.2
2014 06 07 20 23 16.95 126.8490  9.7860  25.0 4.2
2014 06 08 04 33 14.18 120.1990 13.2460  15.0 4.6
2014 06 08 05 35 36.54 126.7150  9.5060  25.0 4.5
2014 06 20 17 00 00.66 126.9040  9.4250  25.0 4.2
2014 06 22 11 06 43.59 126.7950 10.9000  15.0 4.4
2014 07 06 06 34 57.07 126.6890  9.3310  25.0 4.2
2014 07 26 08 40 04.75 120.3230 20.2250  15.0 4.5
2014 08 03 22 36 07.34 126.6510  9.8480  25.0 4.3
2014 08 07 05 27 51.88 126.3260  4.5180  65.0 4.6
2014 08 16 13 43 38.36 126.7930  6.8300  85.0 4.9
2014 09 06 00 09 20.23 126.6500  6.5120  70.0 4.4
2014 09 07 15 55 49.57 127.9300  4.4960  55.0 5.1
2014 09 15 09 43 21.86 125.5240  4.2140  35.0 4.9
2014 09 23 21 45 14.73 126.7520 10.6700  15.0 4.4
2014 09 29 07 54 18.89 126.5100  9.2190  25.0 4.2
2014 10 01 14 47 35.62 126.3420  4.2690  15.0 4.6
2014 10 11 06 04 07.77 127.0750  5.8170  15.0 4.6
2014 10 18 19 23 26.61 126.5070  8.7230  50.0 4.2
2014 10 20 13 25 06.03 126.8110 10.5040  15.0 4.4
2014 10 25 16 36 06.73 127.3400  6.2490  15.0 4.5
2014 10 26 10 02 19.55 126.3060  9.4400  25.0 4.4
2014 10 27 03 50 25.91 126.1970 12.4540  15.0 4.7
2014 11 01 07 30 46.52 126.3720  4.9550  69.7 4.4
2014 11 13 00 40 15.21 125.2380  4.7310  35.0 4.5
2014 11 13 03 14 51.36 126.6720  9.1700  25.0 4.5
2014 11 17 14 04 27.63 120.3780 19.5020  15.0 4.7
2014 11 17 14 08 29.86 120.5000 19.5200  15.0 4.3
2014 11 17 14 22 14.99 120.4880 19.4840  15.0 4.1
2014 11 17 14 27 42.41 120.5080 19.5590  15.0 4.6
2014 11 17 15 01 20.88 120.4670 19.5080  15.0 4.2
2014 11 17 16 32 28.20 126.4770  9.3130  25.0 4.2
2014 11 17 20 11 27.14 120.5590 19.5690  15.0 4.4
2014 11 18 09 14 48.18 120.5010 19.5370  15.0 4.8
2014 11 19 01 58 36.70 120.3420 19.4710  15.0 4.6
2014 11 19 07 54 48.61 120.4140 19.4620  15.0 4.5
2014 11 20 00 25 55.08 126.4050  9.1980  25.0 4.4
2014 11 21 03 29 13.04 120.1560 20.6400  15.0 5.7
2014 11 21 12 51 25.89 126.8700  4.0860  30.0 4.7
2014 11 24 19 48 22.36 125.6540  8.6660  50.0 4.5
2014 12 09 09 28 27.41 123.9010 12.1490  10.0 4.5
2014 12 15 08 23 18.18 125.3220 13.3830  15.0 4.3
2014 12 24 16 16 13.70 125.8630 11.4470  32.0 4.6
2014 12 30 12 10 32.13 126.4570  9.9690  20.0 4.3
2014 12 30 12 11 34.05 126.4240  9.9760  20.0 4.8
2014 12 30 13 13 32.87 126.3680  9.9340  20.0 4.9
