2000 02 03 13 42 23.57 121.5130 13.6410  10.0 5.1
2000 02 13 18 19 42.61 127.0950  5.6990 131.0 5.5
2000 03 03 19 51 05.66 120.8880 13.3370  77.1 4.9
2000 03 08 03 39 20.55 125.2730 11.1510 110.0 4.5
2000 03 29 12 54 15.66 126.6000  9.7060  20.0 4.4
2000 04 13 20 54 13.84 126.4090 10.2870  20.0 5.2
2000 04 13 21 21 22.49 126.4240 10.2560  20.0 4.6
2000 05 13 03 39 39.18 126.9830  8.7450  15.0 4.6
2000 05 13 04 30 23.46 123.7610 14.3530  50.0 4.8
2000 05 19 17 41 18.93 120.6440 13.7500  92.2 5.1
2000 05 22 00 06 52.94 126.7300  8.6060  25.0 5.0
2000 05 22 03 37 12.94 126.8160  8.6960  25.0 4.4
2000 06 14 01 44 30.16 120.2330 17.2610  67.6 5.4
2000 06 14 17 00 49.95 127.7180  4.5350  94.0 6.0
2000 06 19 01 59 34.21 120.4100 16.9150  25.0 5.4
2000 06 19 09 34 58.58 120.5860 13.9690 121.3 5.4
2000 07 16 03 21 46.44 122.1250 20.2810  31.8 5.8
2000 08 01 07 10 51.56 122.3580 15.0320  55.8 5.0
2000 08 19 04 16 37.66 125.2360  9.4530  30.0 4.5
2000 08 20 07 55 50.41 126.4690  7.4350 172.2 5.3
2000 09 08 22 41 25.14 122.1010  7.1730  20.0 5.3
2000 09 13 20 39 04.36 126.0700  9.0570 135.1 4.6
2000 10 07 08 49 44.96 120.6680 13.6800 130.0 4.8
2000 10 08 17 47 49.28 125.2130  4.7480 210.0 4.6
2000 10 12 23 25 53.41 124.8780 12.4420  28.8 5.2
2000 10 21 22 30 34.02 120.7060 13.7090 154.0 5.4
2000 10 22 01 21 47.09 126.7040  7.0930  94.7 5.3
2000 11 29 01 48 46.02 120.6090 13.8170 117.5 4.8
2000 12 05 11 08 25.04 126.4710  4.1830  90.0 5.3
2000 12 13 16 37 10.79 121.0210 19.1160  31.0 4.6
2000 12 14 06 40 18.66 125.8060 11.5610  40.0 4.6
2000 12 21 17 29 03.32 123.9650 14.1550  32.5 4.4
2000 12 23 11 17 56.11 121.2770 19.0950  61.1 4.5
2000 12 26 03 21 02.39 121.9780 21.0550 175.0 4.9
2000 12 31 07 51 45.17 127.2800  8.2450  27.6 4.9
2001 01 05 22 51 47.87 126.8770  6.9300  25.0 5.0
2001 01 08 04 20 54.58 127.2760  5.5360  74.2 4.9
2001 01 08 08 42 36.95 127.3320  5.4970  60.0 4.8
2001 01 15 12 44 11.09 126.9930  6.8290  20.0 4.4
2001 01 30 17 53 27.63 126.3090  5.6760  65.8 4.4
2001 02 17 17 49 28.35 122.4000 20.2630  30.4 5.3
2001 02 18 05 06 24.48 122.4020 20.2110  29.8 4.6
2001 02 18 15 01 59.66 122.4860 20.2030  20.2 4.4
2001 02 19 13 20 48.14 125.7720  5.5230 157.9 4.6
2001 03 13 20 04 58.74 121.0720 18.8460  25.5 5.5
2001 03 20 11 33 11.77 125.9360  6.6420 117.3 4.9
2001 03 23 18 24 49.53 127.9900  4.2900 186.0 5.0
2001 03 31 23 52 16.64 125.3410  6.1590  79.6 4.2
2001 04 14 16 36 33.05 127.3880  5.7240  42.5 4.8
2001 05 17 10 49 03.75 125.6070 11.0510  56.9 4.6
2001 06 12 08 17 09.15 127.0560  7.5630  48.7 4.4
2001 07 23 12 47 01.23 120.6110 13.9050 114.3 5.2
2001 07 24 23 12 08.42 125.2900 12.1400  45.1 5.0
2001 07 26 06 13 37.05 124.6830 12.2720  94.7 4.7
2001 08 15 17 29 07.99 127.8040  4.2770 152.6 5.1
2001 08 26 05 11 46.32 119.5460 13.2350  13.9 4.6
2001 09 18 10 25 08.73 119.8850 16.8430  30.0 4.6
2001 09 23 08 06 14.09 120.2850 13.0840  34.4 4.7
2001 10 27 07 23 33.61 120.8970 18.1510  75.0 4.7
2001 11 22 10 34 57.71 120.5590 13.6910  84.8 5.3
2001 12 01 20 42 30.55 127.8160  4.6010 139.9 4.8
2001 12 04 18 09 27.37 120.1670 18.9640  27.0 5.5
2001 12 14 05 08 27.44 120.5730 13.6100  82.1 5.0
2002 01 01 11 29 23.99 125.6730  6.3100 137.7 6.0
2002 03 05 21 16 10.65 124.2270  6.0210  31.0 6.3
2002 03 06 07 02 14    124.4670  5.6130  31.9 4.6
2002 03 06 07 27 08.03 126.2260  8.6350  87.4 4.9
2002 03 07 23 59 35.95 124.2040  5.7630  28.8 5.0
2002 03 08 00 37 20.44 124.2580  5.7780  30.0 4.6
2002 03 08 18 27 54.95 124.1810  5.7850  25.0 5.6
2002 03 08 19 35 49.91 124.2720  5.8280  27.5 4.9
2002 03 08 20 19 28.43 124.3110  5.8550  25.0 4.6
2002 03 08 21 00 11.65 124.0880  5.7480  25.0 4.4
2002 03 15 02 17 40.28 125.4380  5.6350 232.7 4.5
2002 03 22 17 37 01.19 126.3150  4.5310  83.3 5.5
2002 04 15 20 57 49.48 128.1590  4.1390  77.4 4.6
2002 04 16 14 06 51.69 127.5680  4.7760  82.5 4.7
2002 04 20 22 39 47.26 124.3770  5.2280  35.0 5.2
2002 04 25 03 07 17.02 126.7910  6.6050 202.6 5.0
2002 05 04 10 52 59.46 124.3800  5.1800  35.0 5.2
2002 05 13 19 54 44.89 121.1380 19.2230  32.7 5.4
2002 05 13 19 57 24.28 121.1440 19.2120  30.5 5.6
2002 05 14 13 03 46.36 122.1580  5.7160  20.8 4.8
2002 06 14 02 11 37.43 123.9370  7.5610  25.0 5.3
2002 06 22 03 22 38.25 127.4290  7.0130  16.4 4.8
2002 06 24 14 33 49.89 121.2480 19.1600  30.4 4.6
2002 06 29 00 39 57.78 126.1990 11.3270  12.6 4.7
2002 06 30 15 05 02.20 126.2820 11.3260  13.4 4.3
2002 07 10 17 04 22.74 121.8930  5.4550  33.3 4.6
2002 07 25 15 58 50.52 125.6580  9.9640 108.2 5.3
2002 07 30 20 52 59.71 119.9690 19.3660  15.6 4.7
2002 08 18 09 13 27.09 127.2010  4.8410  92.7 4.7
2002 09 03 14 23 47.27 120.6180 13.5810  10.8 5.4
2002 10 09 19 52 55.23 126.2170  9.1830  60.0 5.0
2002 10 12 23 43 11.62 118.4120 15.0840  15.0 5.6
2002 10 27 09 09 45.16 121.2790 19.1420  20.0 4.8
2002 11 11 20 55 05.08 120.7150 13.9500 204.3 5.0
2002 11 14 09 27 32.77 121.2910 19.8070  33.2 4.6
2002 11 23 09 31 59.38 120.8600 13.5440 180.4 4.8
2002 12 10 13 08 08.53 125.9210  5.4980 104.5 4.5
2002 12 24 23 17 59.48 127.0520  8.0320  48.9 4.4
2003 01 06 14 57 36.49 121.3990 20.1110  40.0 5.4
2003 01 07 12 39 02.82 126.6420  7.5080  94.2 4.4
2003 01 13 11 14 59.50 120.6160 14.0940 126.5 4.3
2003 01 13 22 16 27.22 126.4840  8.0000  93.1 4.3
2003 02 08 07 19 36.70 121.5690 20.9120  65.8 4.9
2003 02 15 11 02 01.12 124.0110 12.2050   9.0 5.7
2003 03 16 09 00 29    125.7560 12.1650  31.6 5.2
2003 03 16 09 13 34.75 125.7430 12.1390  37.0 5.0
2003 03 16 13 31 55.90 125.6970 12.1290  32.0 4.7
2003 03 22 20 29 34.17 126.9940  6.3590  85.0 4.7
2003 04 12 13 42 16.82 120.6850 13.8250 133.5 5.0
2003 04 15 04 25 43.43 127.6000  4.2450 109.9 4.8
2003 04 22 16 22 25.86 125.8130 10.3870  70.9 4.9
2003 05 02 03 26 00.20 120.1630 21.7760  27.0 4.7
2003 05 10 10 27 47.55 122.5500 17.3010  20.0 4.9
2003 05 10 18 28 36.55 126.0210  5.5130 119.2 4.4
2003 05 15 13 36 21.66 121.1340 19.1970  37.1 5.0
2003 05 22 17 45 36.76 125.4360 11.2920  50.0 5.4
2003 06 10 22 23 40.02 119.2190 15.4380  15.0 4.6
2003 06 12 18 43 34.87 120.4670 13.2080  52.2 5.6
2003 06 26 14 11 47.66 123.8840 12.3410  17.3 5.2
2003 07 04 11 48 01.48 121.4540 21.7180  60.0 4.5
2003 07 07 19 55 04.34 121.9840 20.5000  23.5 5.3
2003 07 13 14 21 06.60 122.0300  9.2760  52.2 4.9
2003 07 17 20 10 40.26 119.6000 18.0030  25.0 5.2
2003 07 24 14 27 18.02 120.6330 13.7030 112.5 4.6
2003 08 04 10 53 25.91 120.4870 21.9830  36.0 4.9
2003 08 17 02 46 54.82 121.7890 20.3190  81.3 5.2
2003 08 31 12 43 14.15 119.6920 13.8900  21.3 5.3
2003 09 01 15 11 31.65 122.1690 12.1470  19.2 4.9
2003 09 01 15 13 09.45 122.3390 12.0990  24.3 5.5
2003 09 14 18 45 56.53 121.0090 18.6440  70.0 5.5
2003 09 17 05 28 55.68 120.9250 13.2460  67.1 4.4
2003 09 25 17 34 53.78 119.5600 17.9530  15.0 4.5
2003 09 26 00 06 20.80 119.5290 17.9270  15.0 4.6
2003 09 26 06 01 00.97 127.0250  4.9380  91.8 4.7
2003 10 02 23 24 07.95 125.8950  4.6120 163.5 4.8
2003 10 09 22 19 16.37 119.9510 13.7800  42.5 5.8
2003 11 18 17 14 24.21 125.4180 12.1260  35.0 6.1
2003 12 10 15 51 38.75 120.7630 17.8060  15.0 5.8
2003 12 11 10 48 32.96 125.6400 12.0950  27.5 4.7
2004 01 05 12 05 38.60 127.0690  6.2070  58.4 4.4
2004 01 13 16 12 48.22 124.8500 13.6010  28.2 5.0
2004 01 18 18 27 05.18 126.6510  6.9030 105.3 4.3
2004 01 22 11 34 02.03 126.4980  7.8590  79.8 5.2
2004 01 29 09 48 42.65 126.9630  6.2540 210.0 5.7
2004 02 08 05 04 10.90 121.4120 19.6830  40.0 4.7
2004 02 24 00 21 58.28 126.8160  6.2590  65.7 4.7
2004 04 25 08 36 55.63 125.2640 10.6820 117.5 4.6
2004 05 15 11 01 39.30 126.2000  4.2340  74.3 4.3
2004 05 31 22 50 17.65 125.7240  6.2300 160.8 4.4
2004 06 05 12 03 00.07 126.4080  9.0090  51.2 4.6
2004 06 10 17 17 59.73 126.1620 12.6270  16.0 5.0
2004 06 28 05 06 15.41 123.0590 12.6910  19.4 5.2
2004 07 25 17 28 38.04 125.3060  5.1280 183.7 4.9
2004 07 31 04 48 22.83 122.3920 20.2120  35.2 5.0
2004 07 31 17 46 14.93 122.4430 20.2260  29.5 4.4
2004 08 02 21 10 37.58 127.5750  4.9640  89.4 4.6
2004 08 12 12 30 53.50 119.6850 14.9700  41.6 4.3
2004 09 04 09 22 58    126.7310  9.1720  17.1 5.0
2004 09 05 09 34 02.16 119.7540 18.3790  17.5 4.5
2004 09 11 19 35 46.01 120.5160 13.8640 100.0 4.6
2004 09 15 19 10 49.47 120.3930 14.2700 105.0 6.0
2004 09 15 19 45 42.23 125.3250  5.8470  86.4 5.1
2004 10 05 18 13 00.68 121.4020 20.1090  36.2 4.5
2004 10 06 18 59 58.90 120.4640 14.0460 145.6 4.5
2004 10 08 14 36 06.97 120.5420 13.8590 115.7 6.2
2004 10 09 15 49 58.39 120.5790 13.7500 113.6 4.6
2004 10 11 04 42 26.33 120.6450 13.8090 112.1 4.8
2004 10 13 00 04 43.93 126.2170  8.8510 101.9 4.7
2004 10 14 18 35 47.28 120.6230 13.7960 109.2 4.9
2004 10 26 02 05 30.64 120.6340 13.8590 162.8 4.4
2004 10 29 19 28 56.34 118.9840 15.6690  10.5 5.4
2004 11 08 00 40 57.04 119.8140 18.8100  29.3 4.7
2004 11 25 00 55 54.66 126.3840  8.0860  95.0 4.5
2004 12 05 10 16 38.62 120.7470 13.5360 121.1 4.2
2004 12 17 11 08 46.64 125.9400 10.8930  49.7 4.4
2004 12 26 20 08 33.76 119.8070 14.4520  45.0 4.6
2004 12 26 20 50 35.35 126.8640  6.3090 133.1 5.6
2005 01 21 17 54 35.51 125.2330  5.1430 182.6 5.5
2005 01 29 09 07 18.48 120.6600 13.7480 115.3 4.8
2005 02 09 20 59 53.22 120.7090 13.7080 108.9 5.2
2005 02 20 05 08 38.67 126.3690  8.9530  46.5 5.1
2005 02 22 03 20 07.51 123.1360 12.6500  17.4 5.4
2005 03 02 04 59 43.69 121.6920  9.1370  28.7 4.7
2005 03 06 19 16 39.32 120.5310 19.7320  21.9 4.7
2005 03 20 00 40 26.56 126.5780  7.6160  92.4 4.9
2005 03 30 14 45 10.83 127.1240  7.9040  10.0 4.8
2005 04 03 01 41 31.58 120.7430 13.5610 117.9 5.4
2005 04 08 06 09 47.50 119.1900 15.4910  17.6 5.1
2005 04 18 14 12 22.14 121.3320 19.2140  27.5 4.6
2005 04 19 00 31 42.08 120.6850 13.9580 165.0 4.9
2005 04 22 07 41 26.70 126.1070  4.8700  96.0 5.4
2005 05 15 15 26 51.11 126.6570  7.2240  94.0 4.4
2005 05 17 00 53 44.84 120.8180 13.6210 122.1 4.3
2005 05 19 14 17 28.29 125.6640  6.4240 146.8 5.2
2005 05 29 03 46 46.53 125.4800 10.8080  97.8 4.5
2005 08 06 20 25 30.94 121.1190 19.2330  38.0 4.9
2005 09 22 23 22 17.91 120.6910 13.8330 151.2 4.8
2005 09 25 11 35 05.64 120.7960 13.6480 195.0 4.4
2005 10 10 11 08 29.37 125.0250 13.4890  31.4 5.5
2005 11 21 16 19 02.37 125.3110 11.1720  98.2 4.9
2005 11 25 05 31 19.09 126.3530  5.8390  42.8 5.4
2005 12 01 01 52 55.27 127.5870  4.8810 108.1 4.6
2005 12 03 12 51 50.06 126.0140  4.2400 150.1 4.5
2005 12 24 14 52 37.32 120.7310 13.9190 231.9 4.4
2006 01 05 23 56 30.69 125.2940 11.0900 119.3 4.4
2006 01 07 08 33 47.37 120.6150 15.9050 145.1 4.8
2006 01 09 02 40 24.70 120.2480 13.3780  31.9 4.8
2006 01 23 14 20 01.59 126.4600  6.5550  78.5 5.0
2006 02 01 23 54 21.50 126.6420 10.3950  12.1 4.2
2006 02 07 01 18 52.28 120.7630 13.9010 125.0 4.2
2006 02 19 00 49 17.24 126.0240  6.0180 139.1 5.1
2006 03 01 11 04 12.68 120.3560 13.4410  23.9 5.5
2006 03 18 11 14 50.71 126.1560  4.6790  80.3 5.0
2006 04 03 02 09 08.43 126.3520  9.9630  53.7 4.5
2006 04 12 05 36 51.93 121.4010 19.9400  41.7 4.9
2006 04 16 17 46 16.72 125.4210  4.5640 192.5 5.5
2006 04 17 04 54 09.26 126.1610 10.0220  54.4 4.5
2006 04 29 18 24 50.06 126.4550  5.6410  90.0 4.9
2006 05 08 13 43 18.21 121.0850 19.2330  39.8 4.8
2006 05 25 14 19 26.49 120.0160 20.6720  13.5 5.1
2006 05 27 23 32 16.02 119.9810 20.7280  17.4 4.9
2006 05 28 09 00 13.44 121.1660 19.2860  29.0 5.2
2006 05 29 09 28 07.76 120.1770 20.6170  25.1 4.5
2006 05 30 06 00 41.62 120.0160 20.6090  14.5 4.4
2006 06 02 00 33 53.08 120.0570 20.5860  11.5 4.7
2006 06 10 19 52 10.32 120.0420 19.0800  21.5 5.1
2006 06 15 13 06 34.98 119.9870 18.9930  17.7 4.4
2006 06 15 14 41 37.51 119.8780 18.9310  17.3 4.3
2006 06 15 19 24 36.94 122.1620  7.8520  43.1 4.8
2006 06 24 19 14 08.16 120.0310 19.0670  17.6 4.9
2006 06 24 23 01 10.01 119.9640 19.0030  14.2 4.3
2006 06 25 11 51 51.97 120.0510 19.0790  22.1 4.5
2006 06 25 11 56 22.45 119.9650 19.0080  20.9 4.5
2006 06 26 23 11 30.61 120.1410 17.5200  50.0 4.9
2006 06 29 14 04 44.61 120.3960 18.1630  47.1 4.8
2006 07 11 19 48 20.31 125.7750  9.6590 121.8 4.4
2006 07 27 18 12 50.26 121.3620 19.8880  38.9 4.8
2006 07 30 20 57 48.74 125.7590  9.7930 127.7 4.3
2006 08 10 01 08 50.36 125.6520 12.1600  37.7 4.5
2006 08 12 09 30 09.40 120.3430 13.8270  79.4 4.8
2006 09 05 04 53 01.08 126.4590  7.7020 128.1 5.5
2006 09 12 15 56 31.56 126.6010  8.2640  46.0 5.3
2006 10 01 05 42 51.44 119.2490 18.3290  16.7 4.9
2006 10 04 08 04 35.96 126.5660  4.1380  61.1 4.8
2006 10 09 10 01 48.86 120.0520 20.6980  25.5 6.0
2006 10 10 00 00 49.41 119.9950 20.6040  13.0 4.8
2006 10 10 15 05 57.98 120.1280 20.5570  14.5 5.0
2006 10 10 23 17 15.66 120.0030 20.6820  22.7 4.7
2006 10 11 00 21 32.39 121.3250 19.8540  39.9 4.5
2006 10 11 01 24 21.54 119.9100 20.6860  28.6 5.0
2006 10 11 06 43 55.02 120.1070 20.7240  18.5 5.6
2006 10 11 07 32 21.44 120.0750 20.7600  17.1 4.9
2006 10 20 14 31 00.71 121.4740 13.4610  25.9 5.5
2006 10 20 17 27 03.11 121.5290 13.4940  23.0 5.6
2006 10 20 22 09 28.98 121.4970 13.4540  21.3 5.3
2006 10 21 18 23 20.88 121.3930 13.3860  16.5 5.5
2006 11 13 08 02 45    120.0210 20.7090  17.0 5.0
2006 11 14 00 55 43.88 120.6210 13.7930 110.9 5.2
2006 11 18 11 08 46.25 120.1650 20.5240  15.8 5.2
2006 12 13 17 02 18.78 119.8110 20.9070  19.9 5.0
2006 12 19 19 39 20.26 120.0130 17.1850  35.0 4.7
2006 12 24 01 32 22.29 125.3030  6.1790 122.5 5.0
2006 12 26 12 26 20.67 120.5490 21.8440   8.1 6.4
2007 01 06 20 38 53.41 125.9650 11.7690  16.9 4.5
2007 01 31 08 07 18.13 125.5630 10.6850  87.9 4.6
2007 02 14 07 32 56.60 123.4850 14.1640  76.5 4.6
2007 02 18 21 04 59.55 120.4510 21.6970  29.4 5.0
2007 03 09 17 44 04.98 121.4480 20.0760  44.7 5.0
2007 04 11 12 45 51.68 125.9880 13.0190  17.7 4.9
2007 04 14 03 02 39.23 127.0120  7.8760  66.9 5.2
2007 04 25 11 52 55.86 126.4600  7.4320  29.8 5.5
2007 05 06 18 27 22    120.1600 17.3760  64.1 5.4
2007 05 07 03 04 36.87 125.8710  9.6120 113.2 5.2
2007 05 14 09 00 38.99 120.2300 20.5230  28.0 4.8
2007 05 19 06 13 30.90 126.1120  5.1040 103.2 4.7
2007 06 16 07 41 14.17 126.7390  8.2540  30.0 4.6
2007 06 21 04 08 17.57 121.4550 21.0920  58.1 5.0
2007 06 30 17 54 38.07 120.4230 21.6780  21.9 4.5
2007 07 07 20 12 02.20 125.5220  6.1410  73.6 5.1
2007 07 07 23 10 08.98 126.4650  6.0270  42.1 4.7
2007 07 09 14 05 34.86 119.3840 18.2430  17.5 5.4
2007 07 15 11 11 47.80 125.8700 10.0870  75.2 4.9
2007 07 15 12 29 16.93 126.1740 11.4370  17.5 5.0
2007 07 17 12 42 46.72 120.8200 13.5340 128.3 4.8
2007 07 22 02 58 55.65 122.0500 20.2240  15.3 4.9
2007 08 19 21 13 20.75 127.5280  6.1900  14.3 4.1
2007 08 26 20 48 02.59 127.0790  6.8090  27.5 4.6
2007 08 29 01 15 29.96 121.4210 21.8230  19.2 5.1
2007 08 29 03 00 17.09 121.4370 21.8000  20.2 5.6
2007 09 01 20 06 35.43 125.4130 10.7970 116.0 4.4
2007 09 17 14 31 49.98 125.9630  5.6430 116.8 5.2
2007 09 22 03 59 38.11 124.5610 13.1400  50.8 4.8
2007 09 24 03 21 48.27 126.5450  9.2610  45.2 4.9
2007 09 24 10 29 19.46 126.6510  9.3750  54.0 4.9
2007 09 29 10 46 45.51 126.8140  9.3500  46.8 4.7
2007 09 30 04 03 47.71 119.9230 17.1770  25.0 4.6
2007 10 09 07 25 18.11 121.0590 19.1200  46.3 5.2
2007 10 16 12 04 25.46 121.3800 19.9030  32.7 4.5
2007 10 27 18 21 42    125.2110 12.3310  45.7 4.9
2007 10 31 11 19 27.76 120.7120 13.7660 136.4 4.9
2007 11 15 08 53 44.88 126.9910  6.2590  70.0 4.8
2007 11 27 04 27 00.03 119.8480 16.2170  45.0 5.8
2007 12 06 21 43 47.92 125.4500 12.3360  45.6 5.4
2007 12 08 13 50 03.09 120.8340 20.3790  13.9 4.8
2007 12 09 05 34 31.45 125.5380 12.4020  38.5 4.7
2007 12 28 05 13 28.81 122.3740 17.6000  25.0 4.8
2007 12 29 11 20 05.75 122.7270 15.3700  17.5 4.9
2008 01 06 22 52 04.39 122.3410 16.6930  20.5 4.2
2008 01 09 11 36 50.38 121.7930  7.9500  28.0 4.3
2008 01 13 07 57 31.65 120.6750 21.8670  31.5 4.2
2008 01 13 12 15 37.27 120.9270 17.1920  15.0 5.4
2008 01 14 03 25 00.08 120.7250 13.7600 227.8 4.4
2008 01 31 19 32 56.99 119.8360 16.1300  61.4 4.8
2008 02 19 16 57 10.76 121.0710 20.2640  29.5 5.4
2008 02 27 22 57 02.09 120.6020 13.2970  56.6 5.0
2008 02 28 11 46 52.93 127.9070  4.4950  96.8 4.6
2008 02 29 10 31 38.21 120.4680 13.2600  30.0 4.7
2008 03 03 13 49 43.56 121.3570 19.9800  30.2 6.0
2008 03 03 14 11 14.90 125.6910 13.4180  26.9 6.4
2008 03 03 15 03 49.48 125.5110 13.3330  16.0 4.4
2008 03 03 15 35 12.72 125.5210 13.3580  16.0 4.5
2008 03 13 07 08 35.28 126.6140  7.7240  61.5 4.6
2008 03 16 05 18 59.17 125.6250 13.3650  25.4 5.0
2008 03 20 14 10 41.25 127.0010  6.1470  55.0 6.0
2008 03 22 05 53 43.01 125.9180  4.3780 166.7 4.7
2008 03 24 05 38 18.83 125.3980 10.5500 131.7 4.4
2008 03 29 03 01 31.38 125.7110 13.2920  15.0 5.7
2008 03 30 01 18 14.70 122.1530 20.8220 165.6 4.4
2008 04 02 23 47 09.28 121.3180 19.9220  28.8 5.2
2008 04 03 03 12 54.15 121.3390 19.8870  45.2 4.8
2008 04 20 05 25 38.30 125.1210 12.9370  43.2 5.0
2008 05 17 14 17 29.54 125.2780  6.0240 118.5 5.0
2008 05 18 05 31 21.25 127.5370  7.8200  20.5 4.3
2008 05 31 17 15 04.85 120.5480 13.7830 118.7 4.1
2008 06 01 01 57 24.59 121.3510 20.1550  40.5 6.0
2008 06 07 20 04 42.12 120.7010 13.6850 104.1 4.8
2008 06 11 04 33 39.12 121.0800 21.9210  27.4 4.7
2008 06 14 14 01 02.81 126.5440  8.1580  79.8 4.7
2008 06 17 11 16 37.40 127.4840  4.8250 126.9 4.6
2008 07 06 12 01 30.24 122.4360 15.4050  15.0 5.3
2008 07 06 12 46 54.64 122.5180 15.3810  15.0 5.0
2008 07 11 21 35 08.27 121.1590 21.0780  15.2 5.2
2008 07 13 14 58 32.36 121.1470 21.0720   7.6 5.6
2008 07 14 03 33 29.36 126.0810  7.2740  45.0 4.7
2008 07 17 10 12 01.98 126.3900 11.1890  21.1 4.8
2008 07 27 00 02 49.19 119.6330 19.2680  15.0 5.1
2008 08 01 10 35 24.38 120.7540 13.6040 135.3 5.3
2008 08 08 22 05 17.11 121.4500 21.6450  70.4 5.1
2008 08 15 10 25 17.37 124.4030 13.0800  11.8 5.7
2008 08 17 06 28 59.21 124.4220 13.1180  25.0 4.5
2008 09 01 17 19 12.81 126.0530  4.5490 118.9 5.6
2008 09 15 16 53 09.84 125.6910 13.3020  18.6 4.1
2008 10 07 03 34 36.48 125.4660 11.4030  54.7 5.3
2008 10 23 09 21 15.43 125.7630  6.0220 132.9 5.8
2008 10 30 05 14 49.69 120.5850 18.4780  51.2 4.5
2008 11 25 10 21 23.27 124.2120  7.8840  26.9 4.8
2008 12 25 03 20 29.62 125.4400  5.7880 209.8 5.9
2008 12 31 11 39 55.65 127.4270  4.9230  58.2 5.3
2009 01 02 01 39 51.35 119.8840 21.5300  41.9 4.5
2009 01 24 22 43 08.91 126.3050  5.4810 144.4 4.9
2009 01 31 04 05 39.12 126.3000  8.7240  97.7 4.4
2009 02 01 01 50 17.67 127.6230  4.8070 126.2 4.9
2009 02 12 01 42 10.01 126.5900  4.0340  43.8 5.6
2009 02 12 03 49 39.90 126.4640  4.0320  26.0 6.0
2009 02 12 07 07 38.30 126.6930  4.0470  37.8 5.5
2009 02 12 11 35 14.08 126.7710  4.0820  33.9 5.2
2009 02 12 13 15 08.13 126.5480  4.0650  41.6 6.1
2009 03 19 23 19 34.76 121.9670 18.5830 123.9 4.6
2009 04 04 05 31 55.80 127.2460  5.1490  55.0 6.2
2009 04 04 10 44 22.58 127.7090  4.6940 139.4 4.2
2009 04 04 19 11 03.66 122.2560  9.5360  43.5 4.4
2009 04 11 21 45 22.84 125.6180  4.4100 165.4 4.9
2009 04 14 07 02 14.23 123.8490  7.1640  43.4 4.5
2009 04 24 10 55 50.13 121.2970 19.0950  44.4 4.7
2009 05 17 05 18 09.86 127.4390  4.8310  85.0 4.7
2009 05 21 07 35 29.52 126.8730  7.8770  47.8 5.0
2009 05 21 14 49 30.73 126.9520  7.7950  60.1 4.7
2009 05 26 22 27 35.12 119.5610 21.6470  27.4 4.9
2009 05 29 19 51 18.27 125.8560  5.9590 161.4 5.4
2009 06 14 21 08 27.36 126.5340  5.4630  63.9 5.3
2009 06 29 16 29 12.72 120.7610 13.3370  80.2 4.3
2009 07 04 00 41 49.26 120.7580 13.7800 137.8 5.1
2009 07 16 23 52 04.62 126.5880  5.0510  69.6 5.2
2009 07 17 09 00 15.55 125.7760  4.2460 130.8 4.9
2009 08 02 13 21 06.09 126.6250  7.8880  70.0 4.8
2009 08 12 20 04 25.59 126.4090  6.0930 102.6 5.5
2009 08 15 16 28 18.72 127.6070  4.9410 118.2 4.8
2009 08 15 17 51 54.83 127.6080  4.9170 109.8 4.2
2009 08 23 08 25 26.11 121.4290 20.1160  39.6 5.0
2009 09 18 06 23 55.05 120.4770 12.7030  21.6 5.9
2009 09 22 19 25 12.32 120.4760 12.5930  13.8 5.1
2009 10 18 23 50 10.05 120.6880 13.8160 147.6 5.3
2009 10 31 00 07 42.52 119.9350 15.1070  65.2 4.7
2009 11 11 13 48 19.80 125.6520  9.4380  26.3 5.5
2009 11 17 00 39 10.67 127.0000  5.8900 121.6 5.4
2009 11 22 18 33 04.09 127.6730  4.9520 180.6 4.5
2009 12 01 16 11 11.02 127.4070  5.1280 108.0 5.1
2009 12 16 08 49 06.34 128.1080  4.1230  45.0 5.0
2009 12 29 08 06 12.48 128.0410  4.2800 100.0 4.8
2009 12 29 22 14 33.26 126.4200 10.1110  58.7 5.0
2009 12 30 07 48 54.98 125.3480 10.7020 128.0 5.2
2010 01 16 19 53 19.20 120.8570 13.6320  97.8 4.7
2010 02 01 04 56 37.42 120.7430 13.8030 139.8 4.8
2010 02 18 20 09 30.48 120.5500 13.7320 102.7 4.4
2010 02 26 08 37 02.40 126.7900  6.4640 114.7 5.7
2010 03 09 06 00 42.25 125.5320 11.3270  47.0 5.0
2010 03 22 19 58 16.31 120.7930 18.4460  60.9 5.7
2010 03 25 05 29 30    120.0670 13.8400  55.6 5.8
2010 04 07 01 41 16.60 120.3400 19.5950  19.4 4.4
2010 05 31 10 16 02.39 124.0100  6.9650  35.0 5.7
2010 07 20 21 50 29.61 125.4660 11.8530  40.0 4.9
2010 08 04 00 43 05.12 126.8800  6.6950  69.9 4.9
2010 08 24 14 43 53.75 123.7150 14.0560  69.0 4.2
2010 09 14 13 08 58.07 124.6200  5.6460  44.6 4.8
2010 09 26 05 33 31.33 126.0400  5.7860 148.3 4.9
2010 10 01 05 00 17.85 125.3870  5.2800 183.7 4.7
2010 10 22 18 23 25.63 126.6440  7.5290 151.0 4.9
2010 12 03 15 02 36.64 127.8730  4.3610 112.1 4.2
2010 12 14 17 54 20.02 126.5500  4.1610  66.4 4.6
2010 12 16 20 03 20.27 126.3250 10.5450  16.7 4.8
2011 01 08 17 31 38.96 126.2480 11.1850  13.7 4.7
2011 02 08 04 08 35.24 126.6830 11.0230  17.7 4.8
2011 02 16 08 12 45.36 126.4450  4.4700  87.0 4.7
2011 02 22 02 10 24.57 120.6400 14.1700 139.6 5.2
2011 03 10 19 06 09.34 120.6980 13.7710 108.6 5.0
2011 03 20 08 26 11.24 121.2940 19.0860  37.9 5.8
2011 03 21 10 36 49.39 120.5650 13.9840  95.4 5.4
2011 03 28 01 03 12.14 126.2230  4.2190 122.8 4.4
2011 04 24 22 53 38.40 121.1970 21.0850  25.9 4.8
2011 05 01 22 24 00.68 126.8800 10.9450  10.6 4.1
2011 05 22 16 42 23.27 120.7750 13.6260 136.2 5.5
2011 05 27 14 19 25.68 126.1810  6.0200  74.6 4.8
2011 07 11 20 47 04.98 122.2500  9.5690  22.7 5.8
2011 07 11 23 04 54.96 122.2530  9.5260  27.9 4.7
2011 07 18 00 42 59.52 122.2190  9.5930  17.5 4.9
2011 07 25 17 15 42.85 120.0310 15.0160  51.4 5.9
2011 08 03 06 11 33.09 125.8240  4.2630 127.7 4.6
2011 08 12 02 29 27.84 120.9350 13.4290 154.1 5.1
2011 09 29 05 16 34.75 127.0170  8.4430  43.5 4.9
2011 10 14 08 06 14.08 120.6400 13.7160 111.3 4.3
2011 12 09 10 02 35.40 120.6760 13.7390 106.8 4.6
2012 01 05 02 17 00.70 126.6780 10.3140  11.1 4.6
2012 01 17 12 55 38.65 125.8110 11.2680  49.7 5.6
2012 01 24 10 34 18.85 126.0920  8.5650 192.1 5.0
2012 02 10 16 55 32.37 120.6130 13.7850 104.1 4.7
2012 02 26 03 54 31.18 120.7670 13.7030 104.5 4.3
2012 03 04 14 26 19.16 120.5670 14.2330 145.3 4.3
2012 03 09 02 01 00.18 120.7220 13.8730 193.0 4.5
2012 03 14 08 51 29.42 126.2700  5.6660 139.8 4.3
2012 03 16 07 58 02.84 125.6660 10.0520  20.0 5.7
2012 04 03 04 25 52.50 126.5490  8.3110  68.4 4.7
2012 04 04 20 35 39.95 120.6310 14.1220 136.5 4.8
2012 04 24 02 13 17.86 120.6910 13.6490 135.7 4.0
2012 05 04 10 40 47.43 126.1430  9.9340  64.3 4.2
2012 05 05 18 43 19.88 126.4530  5.8050 101.0 4.8
2012 05 09 04 34 59.61 127.4850  6.2710  33.3 5.4
2012 07 14 12 14 21.89 126.7880  4.7930  55.0 4.6
2012 07 24 03 02 59.13 126.6490  7.6450  71.3 4.6
2012 09 02 14 42 12.68 126.7280 11.3780  13.5 5.3
2012 09 04 06 37 53.36 126.9720 10.4590  14.7 4.2
2012 09 04 06 42 58.39 126.8150 10.6990  13.8 5.3
2012 09 04 06 54 57.78 126.7960 10.6780  16.4 5.3
2012 09 04 06 57 58.52 126.7410 10.5980   8.9 5.5
2012 09 04 09 58 07.40 126.7590 10.5200  11.6 5.4
2012 09 06 09 13 24.33 126.8630 10.4700  13.6 4.5
2012 09 20 12 42 34.40 126.5480 10.4410  11.0 4.4
2012 09 20 21 21 05.81 126.3870  6.0240 109.0 5.3
2012 09 27 03 47 11.31 123.0350 15.2030  22.5 4.3
2012 09 28 14 25 45.49 120.7280 13.8080 118.1 4.7
2012 09 29 14 12 01.69 120.7290 13.8800 154.0 4.9
2012 10 15 07 38 10.35 126.7450 10.6600  10.1 4.3
2012 11 02 18 17 35.35 126.2150  9.2810  58.1 5.9
2012 11 23 04 52 40.36 120.7040 14.1090 210.1 5.0
2012 12 04 15 55 31.67 124.0570 13.1940  94.9 4.4
2012 12 09 21 45 34.81 126.1700  6.7240  58.8 5.3
2012 12 14 17 13 16.80 126.4350 10.3200  20.7 4.5
2013 01 30 02 29 14.89 126.8840 10.3950  11.6 4.7
2013 01 30 02 32 14.42 126.7170 10.6130   8.1 5.4
2013 01 30 02 33 34.63 126.7510 10.4710  11.6 4.8
2013 01 30 12 57 48.10 126.8920 10.4130  15.9 5.0
2013 01 31 17 14 13    120.7270 13.9830 220.5 4.7
2013 02 16 04 37 37.51 125.7350  5.8550 115.5 5.8
2013 02 16 15 25 18.85 127.4400  5.9550  18.2 5.2
2013 02 19 15 13 17.43 126.0690  5.7680 106.4 4.4
2013 03 12 06 31 16    120.5900 14.2580 105.7 4.5
2013 04 12 10 34 12.28 127.6800  4.4390 115.4 5.4
2013 04 17 11 11 48.02 120.1000 17.1910  32.5 4.8
2013 05 01 05 37 59.24 123.2850 14.9550  28.9 5.1
2013 06 19 11 05 43.46 122.0460 14.9750  60.0 4.6
2013 06 29 13 53 47.76 120.7810 13.6170 115.2 4.5
2013 07 04 16 32 47.45 126.4420  8.1180 100.7 4.6
2013 07 20 20 41 40.62 127.0870  7.3360  22.1 4.5
2013 08 09 01 19 44.07 125.7330  4.5390 177.5 4.5
2013 09 03 23 46 55.67 125.7510  5.4260 138.6 5.0
2013 09 06 11 33 54.48 122.3240 20.2150 185.9 6.0
2013 09 27 08 03 15.96 119.1200 14.4940  16.0 5.1
2013 10 09 06 57 40.69 120.0190 18.1540  28.1 4.4
2013 10 15 00 12 34.42 124.0810  9.9600  26.5 6.5
2013 10 29 15 45 27.86 126.0470  4.3520 103.0 5.1
2013 12 09 13 31 16.52 124.1850 12.9110 114.9 4.7
2014 01 23 19 25 43.25 125.1210 11.4540 103.5 4.3
2014 02 18 12 35 58.43 119.9040 18.1490  25.1 4.9
2014 04 15 02 43 51.51 126.6010  8.8900  55.4 5.0
2014 04 21 20 45 23.27 120.0380 17.4000  22.8 5.7
2014 04 28 00 43 52.84 120.1290 19.7070  20.0 5.6
2014 05 04 08 53 57.43 126.6150  4.2890  91.0 4.9
2014 05 15 10 16 43.70 122.0490  9.3840  27.5 6.0
2014 06 25 11 52 02.61 120.6390 13.6520  69.0 5.4
2014 07 01 09 11 22.83 119.2230 13.9070  29.3 5.0
2014 07 14 08 00 02.10 126.3890  5.7220  54.7 5.8
2014 07 25 22 38 13.63 126.2960  8.6830 105.8 4.6
2014 08 08 14 03 48.45 127.5070  4.9860 131.6 5.0
2014 08 10 13 33 22.30 127.0920  5.9060  85.0 5.7
2014 09 01 04 34 42.60 120.5370 13.5360  65.2 4.5
2014 09 19 02 57 36.76 126.4810  4.7460  89.9 5.1
2014 10 03 19 32 59.20 124.2120 12.8770 115.3 4.4
2014 11 06 07 50 38.84 120.5470 13.5650  67.8 4.5
2014 11 07 22 54 57.97 126.8000  6.8690  61.2 5.1
2014 11 10 04 41 16.86 126.8040 10.0820  17.5 5.4
2014 11 29 15 36 18.86 121.4520 19.9220  41.6 5.2
