X 01
125.436344	9.795879
125.438669	9.765564
125.435467	9.742827
125.436653	9.722256
125.447772	9.691945
125.457796	9.660551	
X 02	
125.432461	9.673533
125.454594	9.637814
125.46347	9.618329	
X 03	
125.438669	9.765564
125.462937	9.745003
125.481704	9.725522	
X 04	
125.463328	9.651892
125.467907	9.608586
125.468039	9.577188
125.469234	9.554453
125.473726	9.531718
125.477183	9.493825
125.48167	9.472173
125.490564	9.448358
125.498371	9.421294
125.505076	9.395312
125.518406	9.361754
125.525097	9.33902	
X 05	
125.562486	9.334704
125.591132	9.318475	
X 06	
125.521822	9.333605
125.542924	9.281645
125.545291	9.241586
125.557559	9.199366
125.556629	9.159306
125.562384	9.097596
125.565895	9.046711
125.573767	9.004489
125.586021	8.965517	
X 07	
125.590575	9.189635
125.619403	9.130099
125.641668	9.062981
125.647364	9.015345
125.650843	8.972039
125.665255	8.942812	
X 08	
125.39372	8.953531
125.428067	8.888583
125.453557	8.83879
125.478942	8.813898	
X 09	
125.726309	8.799922
125.773759	8.75555
125.81128	8.719837
125.853175	8.689538
125.888412	8.674395	
X 10	
125.868523	8.699288
125.91699	8.674406	
X 11	
126.143865	6.998496
126.182649	6.923806
126.215878	6.863189
126.246836	6.819894
126.284394	6.775519
126.302071	6.753872	
X 12	
125.192335	9.010833
125.225451	8.977283
125.277261	8.941575
125.300447	8.916683	
X 13	
125.326945	8.888543
125.372124	8.861494
125.418379	8.839859	
X 14	
125.255555	8.875523
125.28105	8.824646
125.298832	8.778098
125.356183	8.731565	
X 15	
125.397163	7.87301
125.407379	7.796144
125.403378	7.701948
125.389326	7.645643
125.381837	7.596919
125.376591	7.537369
125.363675	7.472403
125.346407	7.396608	
X 16	
125.300213	6.61922
125.372966	6.569445
125.426997	6.528325
125.491961	6.501283
125.548077	6.487231
125.580047	6.464507
125.624127	6.437457	
X 17	
124.972303	6.705704
125.034005	6.67
125.07918	6.644034
125.168311	6.62025	
X 18	
124.700219	6.585418
124.732345	6.525883
124.75446	6.494494
124.800688	6.479355	
X 19	
124.820523	6.467453
124.849342	6.410082
124.873723	6.362453
124.882585	6.346217	
X 20	
124.824123	8.748676
124.867162	8.707551
124.9135	8.666428
124.966382	8.637216
125.00056	8.612328
125.054582	8.573373	
X 21	
123.947895	8.013183
123.986242	8.042431
124.03123	8.060855
124.078507	8.057625	
X 22	
124.010237	8.086831
124.054162	8.096592
124.098114	8.099858	
X 23	
124.3684	8.124867
124.321309	8.083706
124.280755	8.056623
124.234681	8.034951	
X 24	
123.978762	7.991542
124.024822	8.016462
124.066566	8.021892
124.1105	8.029488
124.170913	8.039256	
X 25	
124.006427	7.947162
124.060122	7.986161
124.105082	8.01108
124.154466	8.029506
124.179733	8.032764	
X 26	
124.131598	7.97861
124.185397	7.992707
124.218267	8.017621
124.253403	8.026297	
X 27	
123.999234	7.828064
124.049731	7.843242
124.092529	7.859499	
X 28	
124.235853	8.017628
124.201939	7.979721
124.154853	7.937477
124.125258	7.917977	
X 29	
124.272171	8.006816
124.199818	7.961314
124.176818	7.941817
124.145043	7.917985
124.115457	7.89632	
X 30	
123.821306	8.057523
123.878362	8.081365	
X 31	
123.894926	8.062966
123.958804	8.032676	
X 32	
124.011359	7.035542
124.041186	6.999825
124.072053	6.978183
124.122778	6.939227
124.162452	6.914341
124.214221	6.888377	
X 33	
124.079884	6.945706
124.140555	6.893761
124.223182	6.848321	
X 34	
124.78583	6.091747
124.79813	6.041948
124.801605	5.999724
124.81167	5.958586
124.837105	5.921785
124.867941	5.907722
124.908655	5.896912
X 35	
124.577092	6.067844
124.622471	5.993157	
X 36	
124.387242	6.257239
124.420426	6.207449
124.48107	6.162
124.518528	6.141444
124.536242	6.111136
124.551857	6.057008	
X 37	
122.999808	8.422062
123.029658	8.380931
123.089144	8.349557
123.137648	8.316013
123.193909	8.267315
123.234764	8.222941	
X 38	
122.957415	8.309445
123.021284	8.281321
123.095054	8.251035
123.150098	8.230486
123.209552	8.20669
123.269047	8.173151	
X 39	
123.024649	8.265082
123.101749	8.227219
123.170069	8.186104
123.253818	8.135251
123.283659	8.096286
123.325545	8.068153
123.338767	8.060579
X 40	
123.36387	8.102814
123.422338	8.051951
123.476406	8.002169
123.5425	7.967549
123.597622	7.928594
123.651635	7.891804	
X 41	
123.653806	7.898301
123.718878	7.845275
123.777388	7.784668
123.846917	7.717569	
X 42	
123.445448	8.045464
123.542373	7.997864
123.59858	7.962158
123.682274	7.924297
123.73408	7.889672
123.789119	7.870205
123.834344	7.832329
123.916939	7.794468
123.985195	7.768511
124.068908	7.726319
124.105257	7.707928
124.173486	7.688467
X 43	
123.097892	7.83745
122.954217	7.762687	
X 44	
122.554439	7.949833
122.49524	7.912998
122.44264	7.875083
122.35936	7.814419
122.312247	7.778672
122.27826	7.758087	
X 45	
122.382581	8.042876
122.314607	8.001706
122.2763	7.962714
122.213808	7.924795	
X 46	
122.390298	7.514527
122.326725	7.472277
122.269765	7.425699
122.227012	7.398615
122.19079	7.386691	
X 47	
122.26809	7.301189
122.217679	7.26544
122.169449	7.234023
122.137669	7.211274
122.104749	7.198269	
X 48	
121.925579	7.200363
121.956482	7.17006
121.976354	7.149497	
X 49	
121.870064	13.449636
121.897926	13.417782
121.925852	13.370755
121.956808	13.335867
122.038726	13.270653	
X 50	
122.289653	11.111522
122.289468	11.155526
122.28004	11.199527
122.269008	11.2587
122.259517	11.317874
122.243838	11.383115
122.23737	11.455947
122.23856	11.539403
122.245975	11.607688
122.247114	11.703283
122.23766	11.753353
122.23766	11.753353	
X 51	
122.059354	10.56214
122.08381	10.607671
122.125256	10.642587
122.166656	10.688125
122.203404	10.741248
122.241698	10.792854
122.276861	10.856598
122.302863	10.900612
122.336441	10.974977
122.351405	11.079682
122.335452	11.21017
122.330607	11.263277	
X 52	
125.122798	10.226121
125.111085	10.264051
125.099398	10.295911
125.092341	10.325497
125.084537	10.349772
125.074368	10.386944
125.067324	10.413495
125.063285	10.458256
125.050044	10.493151
125.032985	10.520457
125.018987	10.552316
125.005746	10.587211
124.989412	10.625139
124.965315	10.677479
124.952928	10.692648	
X 53	
124.955268	10.68582
124.960016	10.655474	
X 54	
124.961575	10.650923
124.967094	10.620578
124.974195	10.58037
124.977413	10.547748
124.984505	10.509816
124.982287	10.487813
X 55	
124.979248	10.477949
124.972469	10.441529
124.963395	10.401315	
X 56	
124.302281	11.562605
124.344039	11.52317
124.388878	11.483736
124.438466	11.413956
124.461745	11.372997	
X 57	
124.487805	11.403354
124.515737	11.354809
124.570042	11.262271
124.594874	11.218277
124.613506	11.183385
124.638396	11.125734
124.69566	11.062027
124.771671	10.936115
124.813538	10.870884
124.838255	10.854203
124.87536	10.822353
124.901681	10.790498
124.911084	10.752567
124.949837	10.694922	
X 58	
124.81201	10.867849
124.777458	10.896873
124.752925	10.931709
124.72404	10.978157
124.698043	11.020251
124.666248	11.076862
124.627314	11.124759
124.594059	11.187176
124.568068	11.227818
124.539195	11.271363	
X 59	
124.464838	11.369963
124.495832	11.325971
124.540729	11.272881	
X 60	
125.124377	10.217017
125.138419	10.174536
125.157045	10.141162	
X 61	
123.74949	12.240654
123.797544	12.169356
123.854815	12.104132
123.905911	12.041939
124.004876	11.952453
124.073083	11.850816	
X 62	
123.810398	12.226263
123.863054	12.159519
123.924991	12.083675
123.993128	11.998729	
X 63	
124.075595	9.604338
124.150885	9.649889
124.218422	9.707576	
X 64	
124.227627	9.716684
124.284458	9.756159
124.347469	9.791084
124.395083	9.824485	
X 65	
124.878835	11.747785
124.89426	11.80287
124.906298	11.865665
124.918252	11.948289
124.924689	12.013285	
X 66	
124.323494	12.433851
124.351595	12.399713
124.370658	12.387603
124.397637	12.354567
124.416787	12.321527
124.443864	12.265357
124.468578	12.238928
124.484369	12.206989
124.511376	12.167343	
X 67	
125.186652	11.41633
125.211445	11.371175
125.231783	11.321612
125.24757	11.290774	
X 68	
125.274488	11.272058
125.348715	11.172945	
X 69	
123.300462	13.173709
123.329697	13.136267
123.358912	13.103231
123.419515	13.052582
123.44423	13.026154	
X 70	
123.448726	13.020648
123.485798	12.981006
123.527324	12.945771
123.567737	12.909435
123.598029	12.886314
123.636173	12.857688	
X 71	
125.124629	11.538582
125.151701	11.483513
125.18551	11.421838	
X 72	
125.166647	11.38658
125.168006	11.329298
125.171551	11.284134
125.182942	11.234568
125.195508	11.171782
125.214802	11.104593	
X 73	
123.675808	10.346091
123.715966	10.370341
123.766161	10.401206
123.806282	10.434269
123.852027	10.459624
123.892157	10.490484	
X 74	
123.907884	10.473967
123.844389	10.414456
123.813261	10.37038
123.750866	10.315276
123.725227	10.295437	
X 75	
123.479284	10.007826
123.461599	9.958248
123.433873	9.903157
123.397366	9.808406
123.370734	9.758825	
X 76	
123.359667	9.73128
123.335281	9.679496
123.330887	9.660768	
X 77	
123.565586	9.962695
123.540119	9.902098
123.500174	9.827174
123.470289	9.753356
123.429378	9.64208
123.418292	9.618942
X 78	
123.716304	10.289926
123.671821	10.230423
123.614005	10.149984
123.605119	10.13566	
X 79	
123.311459	10.291693
123.219988	10.236577
123.135152	10.199089
123.079374	10.16602
123.001322	10.110909
122.936663	10.062414
122.867521	10.01612	
X 80	
123.013585	9.056147
123.011079	9.120038
123.004041	9.198247
123.00264	9.265444
123.001489	9.273154	
X 81	
123.051381	9.110139
123.109358	9.152023
123.145043	9.176272
123.189633	9.210439
123.225253	9.25011	
X 82	
122.885801	9.392079
122.922479	9.446071
122.955811	9.497859
122.991426	9.538632
123.046035	9.583819
X 83	
122.82758	9.940094
122.874786	9.883932
122.917528	9.825565
122.946767	9.787022
122.991732	9.73196
123.025425	9.697825	
X 84	
123.485922	13.217571
123.34697	13.283611
123.268474	13.334252
123.192178	13.393708	
X 85	
122.826545	13.644723
122.95886	13.561056
123.021663	13.51922	
X 86	
121.050923	15.833113
121.055599	15.820217
121.063387	15.799735
121.073505	15.774703
121.082815	15.758774
121.095215	15.74057
121.107618	15.721608
121.119213	15.711749
121.119213	15.711749	
X 87	
121.363833	15.419372
121.356854	15.43075
121.351427	15.439093
121.34833	15.442885	
X 88	
121.346774	15.446678
121.336703	15.46033
121.316582	15.483083	
X 89	
121.315029	15.486117
121.302648	15.499769
121.28872	15.514937
121.276336	15.529347
121.256236	15.546789
121.243108	15.555129	
X 90	
121.238473	15.558162
121.219931	15.571811
121.202896	15.593048
121.188949	15.612768
121.175015	15.629454
121.167265	15.640831	
X 91	
121.123072	15.709854
121.135463	15.693927
121.150947	15.674966
121.154034	15.67345	
X 92	
121.1525	15.671932
121.157943	15.659795
121.165706	15.645383
121.169585	15.638556	
X 93	
121.263114	15.559689
121.288633	15.535421
121.301765	15.526322
121.320305	15.513432
121.333434	15.505092	
X 94	
121.225923	15.612024
121.239877	15.590787
121.258448	15.570309
121.266179	15.563484
X 95	
121.349673	15.489925
121.359749	15.474755
121.375237	15.455035	
X 96	
121.336522	15.503576
121.348899	15.490683	
X 97	
121.371424	15.445929
121.380727	15.431518
121.392332	15.419383
121.414777	15.393597	
X 98	
121.215805	15.637057
121.221248	15.62492	
X 99	
121.171813	15.658283
121.183446	15.63932
121.201263	15.615049
121.208234	15.605948
X 100	
121.576069	14.952104
121.578485	14.927068
121.582473	14.894446
X 101	
121.582486	14.891411
121.584985	14.846649
121.585889	14.814785
121.585889	14.814785	
X 102	
121.492053	15.150088
121.50458	15.101537
121.51707	15.06209
121.541876	15.024166
121.566753	14.96955
121.576085	14.94831	
X 103	
121.633442	14.496154
121.649057	14.446087
121.656881	14.41726
121.675551	14.373263
121.732828	14.306521	
X 104	
121.378573	15.394341
121.403437	15.34276	
X 105	
121.310519	15.459561
121.346109	15.421641
121.36003	15.40799	
X 106	
121.287272	15.492934
121.299717	15.464109	
X 107	
121.370724	15.429238
121.401692	15.391316	
X 108	
121.277946	15.512657
121.285712	15.497486
X 109	
120.850607	16.029913
120.87232	15.995022	
X 110	
120.714889	16.067793
120.674773	16.082951
120.636134	16.113283
120.609851	16.136034
120.581944	16.178509
120.580404	16.178508	
X 111	
120.717989	16.063242
120.736512	16.054145	
X 112	
120.549397	16.225535
120.571123	16.187609	
X 113	
121.048576	15.841837
121.028397	15.878246
121.011299	15.914656
120.989541	15.960169
120.967739	16.016303	
X 114	
120.966154	16.026924
120.952047	16.084579
120.944275	16.101267
X 115	
120.925605	16.145263
120.934956	16.119472
120.939641	16.1043	
X 116	
120.906118	16.383484
120.906233	16.356171
120.907907	16.324307	
X 117	
120.719446	17.548757
120.719842	17.45468
120.712401	17.392464	
X 118	
120.706749	17.271072
120.698062	17.139056	
X 119	
120.497443	17.591155
120.526335	17.680692
120.546106	17.741395
120.56114	17.829409
120.560943	17.876448	
X 120	
120.489792	17.579013
120.476272	17.497069
120.464083	17.465199	
X 121	
120.717067	17.381844
120.715903	17.292318	
X 122	
120.860675	18.150239
120.850978	18.119822
120.821796	18.050689
120.789651	18.01888
120.751996	17.962185
120.728335	17.915173	
X 123	
120.722991	17.912361
120.6827	17.897892
120.650923	17.894266
120.616736	17.882208
120.60085	17.879792	
X 124	
120.713049	18.241177
120.702343	18.170109	
X 125	
120.592184	17.905083
120.638417	17.960506
120.649361	17.974964	
X 126	
120.707426	18.124341
120.694249	18.059295
120.679758	18.015928
120.65786	17.989421	
X 127	
121.012308	16.863387
121.00284	16.788706
120.988501	16.709206
120.98161	16.60321
120.962349	16.530935	
X 128	
120.747313	16.053278
120.781612	16.038838
120.817123	16.026808
120.826921	16.023198	
X 129	
120.814766	16.296607
120.807652	16.243608
120.802923	16.205063
120.805592	16.152068
120.810594	16.125571
120.816809	16.101485	
X 130	
120.820523	16.090646
120.830427	16.061743
120.84029	16.042475
120.84889	16.032843	
X 131	
120.658716	16.185734
120.674689	16.167674
120.702893	16.148413
120.738405	16.136383	
X 132	
120.642668	16.221862
120.656251	16.190551	
X 133	
120.505311	16.754783
120.502719	16.789712
120.502607	16.81621
120.514668	16.855962
120.525521	16.8921
120.533913	16.931851
120.548445	16.965582	
X 134	
120.159299	16.019319
120.179061	15.972353
120.196327	15.93743
120.214795	15.907326
120.249256	15.854343
120.271458	15.808582
120.297364	15.754392	
X 135	
120.313407	15.719469
120.345478	15.653236
120.356645	15.614697
120.375154	15.574957	
X 136	
120.057919	15.265886
120.123969	15.261094
120.150905	15.252673
120.183976	15.239437
120.231745	15.220185
120.24648	15.205737	
X 137	
120.267079	15.250311
120.213196	15.269561	
X 138	
120.172794	15.281589
120.194834	15.274371	
X 139	
120.148278	15.296033
120.164214	15.286404	
X 140	
120.392385	15.538117
120.424084	15.454576
120.448286	15.400094
120.461285	15.378302
X 141	
121.119213	15.469384
121.156261	15.429438
121.19712	15.360431
121.239883	15.276894
121.24924	15.244203
X 142	
121.381566	15.349606
121.365283	15.275128
121.359988	15.218818
121.351195	15.117096
121.351485	15.048074
121.348034	14.991764
121.351943	14.93909	
X 143	
121.527124	14.93916
121.488026	15.028148
121.452722	15.091707
121.397181	15.14436
121.367486	15.189758	
X 144	
121.171961	14.874991
121.168391	14.846836	
X 145	
121.165667	14.836844
121.159328	14.809596
121.154848	14.778716	
X 146	
121.175569	14.894065
121.19935	14.939484
121.210124	15.008511
121.217439	15.023045	
X 147	
121.190939	14.746943
121.218829	14.692463
121.241132	14.650694
121.289328	14.590773	
X 148	
121.534245	14.670791
121.535799	14.739815
121.520871	14.781586
121.496685	14.832435
121.490932	14.885108
121.466754	14.934141
121.451895	14.959565
X 149	
121.597636	14.505525
121.54403	14.536382
121.50702	14.567246
X 150	
121.477417	14.590848
121.414591	14.621701
121.379448	14.647117
121.342461	14.672531
121.33321	14.679793	
X 151	
121.307776	14.588964
121.337425	14.554464
121.357786	14.536308	
X 152	
121.034255	18.294426
121.016578	18.318656
121.005932	18.342888
120.990909	18.362791
120.962713	18.380957
120.95122	18.397399
120.929109	18.431148
120.915786	18.464901
120.913117	18.47269	
X 153	
120.930317	18.561852
120.923418	18.530688
120.91824	18.508181
120.912206	18.48048
120.899253	18.425942
120.897547	18.413823	
X 154	
120.852318	18.30301
120.872431	18.326389
120.892478	18.365348
120.901142	18.394782
120.905478	18.408633	
X 155	
120.818578	18.17662
120.8369	18.207789
120.842961	18.229431
120.838461	18.254531
120.840117	18.278768
120.845317	18.296082
120.854068	18.304742	
X 156	
120.910426	18.485673
120.900862	18.461432
120.887779	18.438056
120.873813	18.415545
120.851064	18.392165
120.844935	18.386969	
X 157	
121.187624	18.601772
121.160448	18.586181
121.134997	18.57838
121.105149	18.571443
121.083213	18.563644
121.04811	18.552378
121.033197	18.546313	
X 158	
121.032347	18.539388
121.007858	18.511679
120.986841	18.494359
120.975468	18.482236
120.954447	18.465781
120.935169	18.45279
120.928158	18.448459	
X 159	
121.058678	18.337716
121.071086	18.312618
121.079079	18.292713
121.093274	18.260692
121.108332	18.232133
121.120791	18.194918
121.151817	18.130877
121.180173	18.074624
121.189989	18.039139
121.205055	18.008849
121.223665	17.971636
121.221131	17.947399
121.234541	17.892872
121.238975	17.883352	
X 160	
121.250239	17.921443
121.28618	17.942231
121.318588	17.967346
121.340503	17.980339
121.360663	17.992465
121.379073	18.00286
121.403627	18.014988
121.447499	18.030586
121.466781	18.042712	
X 161	
121.47555	18.047043
121.509738	18.066965	
X 162	
121.444736	18.06088
121.462256	18.073871
121.471886	18.082531	
X 163	
121.416667	18.04875
121.432455	18.055681	
X 164	
121.325125	17.875596
121.345289	17.886857
121.366325	17.899849
X 165	
121.376852	17.904181
121.403098	17.931891
121.415342	17.945745	
X 166	
122.158001	18.127815
122.110614	18.112215
122.043923	18.089683
121.980719	18.074077
121.968438	18.068879	
X 167	
121.959687	18.06022
121.92994	18.029046	
X 168	
121.898029	18.094819
121.978656	18.146786
122.015432	18.177962
122.052194	18.2126
122.081933	18.245505	
X 169	
121.998024	18.138138
122.040066	18.171047
122.0751	18.19876
122.118921	18.226476
122.148689	18.252456	
X 170	
122.13802	18.281882
122.194057	18.330377	
X 171	
122.090975	18.184917
122.047183	18.150276
122.001656	18.11044
121.935016	18.07579	
X 172	
120.62598	18.421506
120.671515	18.45961
120.715271	18.502907
120.727457	18.53061	
X 173	
120.62784	18.39727
120.683891	18.442303
120.683891	18.442303	
X 174	
120.566585	17.917708
120.606761	17.976585
120.625955	18.009485
120.645091	18.056234
120.669419	18.122029	
X 175	
120.682912	18.257066
120.696753	18.309007
120.715868	18.36095
120.72801	18.399041
120.755919	18.449256
120.762723	18.502926
120.76963	18.532358	
X 176	
120.751407	17.850266
120.782845	17.89702
120.814233	17.955893
120.871896	18.03555	
X 177	
120.747972	17.831222
120.735844	17.789668
120.736077	17.734271
120.734632	17.659829
120.727828	17.60616
120.726231	17.568073	
X 178	
120.86281	18.106525
120.915353	18.149825
120.948607	18.182731
121.01521	18.226037
121.046707	18.258942	
X 179	
121.151295	18.046048
121.114067	18.122206
121.099934	18.139512	
X 180	
121.044877	18.276253
121.069656	18.234715
121.082155	18.187978
121.085794	18.158549	
X 181	
120.85245	16.808135
120.840483	16.728496
120.835501	16.659247
120.853396	16.583082	
X 182	
120.747674	17.066039
120.736954	17.107583
120.721027	17.133545
120.70513	17.152582	
X 183	
120.813494	16.877367
120.788751	16.910249
120.781575	16.94487
120.763811	16.989874	
X 184	
120.751247	17.052191
120.75498	17.000257	
X 185	
120.70176	17.117957
120.703707	17.072947	
X 186	
120.912835	16.240332
120.913031	16.19359
120.920207	16.158969	
X 187	
120.903844	16.288801
120.905769	16.248985	
X 188	
120.887553	16.401322
120.882113	16.441137
120.8731	16.4948
120.858771	16.558848	
X 189	
121.706055	17.982215
121.762157	18.01513
121.79897	18.03765	
X 190	
122.152577	17.954694
122.089453	17.920046
122.066663	17.906187
X 191	
121.765079	17.738142
121.826504	17.758941
121.884371	17.790125
121.926464	17.810916
121.970314	17.831708
122.01237	17.861155
122.026386	17.871547	
X 192	
122.22061	17.239744
122.215054	17.307257
122.204211	17.378232
122.188131	17.440548
122.189881	17.44228
122.172139	17.48209
122.154411	17.518437	
X 193	
122.265883	17.34017
122.271301	17.305549
122.282006	17.267467
122.303286	17.222465
122.333389	17.16881
122.344123	17.123804
122.356636	17.073604
122.351619	17.013011
122.36244	16.94723
122.380263	16.888377
122.40335	16.831258
122.412269	16.8001	
X 194	
121.138866	13.37272
121.143299	13.363201
121.141567	13.357141
121.1416	13.349351	
X 195	
121.118491	13.411664
121.126443	13.40128
121.132649	13.388299
121.135347	13.373585
121.133619	13.366659
121.13453	13.358869
121.138942	13.354543	
X 196	
121.143365	13.34762
121.145166	13.337234
121.151397	13.318193
121.16374	13.308677
121.169027	13.305216	
X 197	
121.172553	13.302621
121.177887	13.287908
121.183222	13.273195
121.186831	13.250691
121.186879	13.239439
121.190477	13.219532	
X 198	
121.188749	13.212606
121.188814	13.197026
121.190677	13.171924
121.189879	13.152881	
X 199	
121.191662	13.146822
121.192671	13.115662
121.194578	13.080173
121.198159	13.064594
121.196477	13.046416
121.199219	13.021315
121.200182	13.001407	
X 200	
121.02372	13.379599
121.041459	13.340655
121.054706	13.32508
121.069732	13.304311
121.076864	13.280078
121.081305	13.268827
121.094628	13.235074
121.101753	13.212571
121.11241	13.185742
121.117817	13.153718
121.133737	13.129488
121.145292	13.098331
121.148832	13.092273
X 201	
121.198442	12.997078
121.18074	13.027367
121.170151	13.037749
121.156883	13.058518
121.149744	13.084483
X 202	
121.219662	12.914641
121.22939	12.89993
121.235599	12.886083
121.24532	12.873103
121.250724	12.841944
121.254326	12.821172
121.275583	12.781363
121.287999	12.754534
121.299503	12.735496
X 203	
121.212566	12.930219
121.218776	12.916372
X 204	
121.196567	12.398089
121.199359	12.360869
121.201244	12.330574
121.201404	12.292488
121.205994	12.245748
121.202494	12.242285
X 205	
121.462322	12.518511
121.452514	12.552266
121.444489	12.579961
121.434724	12.603328
121.422327	12.625829
121.403753	12.654386
121.400209	12.661309
X 206	
121.191272	12.40328
121.225449	12.425799
121.253489	12.444853
121.290316	12.463911
121.318324	12.490755
121.318324	12.490755
X 207	
121.313801	12.730522
121.322661	12.713214
121.342985	12.686388
X 208	
121.379867	12.692462
121.393125	12.67429
X 209	
121.335031	12.488165
121.358608	12.523664
121.387428	12.566089
121.403151	12.588601
X 210	
121.369901	16.357873
121.412944	16.379134
121.485218	16.40951
121.55287	16.439885
121.603622	16.459631
121.652821	16.482411
X 211	
120.796992	18.157257
120.798736	18.108701
X 212	
120.801894	18.090494
120.795974	18.032831
X 213	
120.673335	18.257355
120.721178	18.23613
120.745914	18.214897
120.769072	18.202767
X 214	
120.778353	18.193666
120.81232	18.175471
120.86635	18.14818
X 215	
120.70226	17.056361
120.699409	17.001734
X 216	
120.506209	16.422018
120.512549	16.379534
120.515783	16.343118
120.529826	16.300637
120.534575	16.270292
120.554735	16.238435
X 217	
120.458553	16.764927
120.4587	16.730028
120.463475	16.693612
120.465194	16.651126
120.468408	16.619263
X 218	
120.505896	16.49637
120.50759	16.459953
120.509207	16.441745
X 219	
120.496194	16.605617
120.500975	16.567685
X 220	
120.505711	16.540374
120.507437	16.49637
X 221	
120.49571	16.720938
120.497416	16.681487
120.50212	16.661762
120.503826	16.622311
X 222	
120.800272	16.094381
120.761614	16.129266
120.746133	16.147468
120.725979	16.177808
120.722822	16.196015
X 223	
120.929915	16.402461
120.932849	16.437362
120.937324	16.472263
120.940322	16.49199
120.946413	16.508684
120.960214	16.523863
X 224	
121.667869	16.01734
121.736973	16.068959
X 225	
122.269607	16.52135
122.220626	16.446978
122.18547	16.381717
122.160988	16.342256
122.128811	16.301274
122.098213	16.251188
122.042954	16.204127
121.983036	16.166169
121.932431	16.111523
X 226	
121.806172	16.097816
121.887586	16.152474
121.939833	16.182843
121.972106	16.201064
X 227	
122.074793	16.32553
122.126926	16.383211
122.172923	16.43482
122.218862	16.500086
X 228	
120.13428	15.301286
120.103401	15.317965
120.081777	15.331613
120.061636	15.358917
120.052304	15.380157
X 229	
121.660089	14.386914
121.663348	14.344428
121.668161	14.298909
121.669855	14.262492
121.677901	14.180557
121.681327	14.09862
121.690856	14.030342
X 230	
121.212915	12.934983
121.208217	12.95319
121.206632	12.963811
X 231	
121.042532	16.913104
121.05469	16.95256
121.063792	16.985946
121.069769	17.029953
X 232	
121.105186	17.033002
121.140445	17.073985
121.189567	17.114974
121.220223	17.151403
X 233	
121.268547	17.382064
121.235238	17.243969
121.221667	17.174164
X 234	
121.104466	17.204465
121.162722	17.271253
121.194829	17.328926
121.226949	17.383565
121.253022	17.410888
X 235	
121.240287	17.875201
121.254336	17.831202
121.296113	17.787215
121.322428	17.756878
X 236	
120.966304	17.090607
120.942027	17.002589
120.923949	16.90547
120.907215	16.855389
X 237	
121.330162	17.749294
121.326198	17.593002
X 238	
121.438255	17.687124
121.370743	17.623368
121.307853	17.559613
X 239	
121.256032	17.42758
121.275822	17.483731
121.289603	17.503462
121.34637	17.558111
121.412329	17.624902
X 240	
120.947174	17.243854
120.991675	17.284841
121.036195	17.321276
121.099251	17.345579
121.186897	17.383549
121.23306	17.395706
X 241	
125.885119	8.673311
126.030461	8.612738
126.16265	8.543498
X 242	
126.255033	8.530543
126.382735	8.482956
X 243	
122.299253	13.980474
122.302872	13.977011
122.305307	13.974567
122.307465	13.972462
122.309761	13.969815
122.310109	13.969408
X 244	
122.310458	13.969746
122.313241	13.966759
X 245	
122.31324	13.966149
122.318739	13.961463
X 246	
122.319922	13.960241
122.321384	13.959154
X 247	
122.320056	13.957124
122.324301	13.952915	
X 248	
122.324928	13.952304
122.328198	13.948571
X 249	
122.329102	13.947485
122.338011	13.939743
X 250	
122.330213	13.944502
122.35395	13.925075
122.358195	13.921272
X 251	
122.347132	13.933423
122.350126	13.931384
122.352771	13.929075
122.355764	13.926629
122.357574	13.924796
122.361958	13.920722
X 252	
122.361048	13.918014
122.367588	13.910277
122.373433	13.904167
122.378096	13.899754
122.381156	13.895818
122.383592	13.893509
122.387489	13.889571
122.390552	13.88699
122.392709	13.885021
122.393475	13.884274
X 253	
122.395075	13.882577
122.399251	13.878774
X 254	
122.402244	13.876194
122.410456	13.868046
122.411291	13.867164
X 255	
122.361609	13.920249
122.367316	13.914884
122.372048	13.910267
122.37518	13.907212
X 256	
122.375528	13.906805
122.382072	13.901642
122.386387	13.897907
122.392931	13.89315
122.400379	13.886699
122.403719	13.883168
X 257	
122.404137	13.882897
122.406711	13.879842
X 258	
122.407477	13.879163
122.414436	13.872238
122.415062	13.871424
X 259	
122.415897	13.870609
122.417775	13.868234
122.423758	13.861108
122.425149	13.859479
122.43343	13.850586
X 260	
122.434124	13.848891
122.438925	13.843732
122.439412	13.843121
X 261	
122.439829	13.842036
122.444629	13.836335
X 262	
122.445116	13.83586
122.454159	13.824662
122.459378	13.819163
122.459865	13.818756
X 263	
122.460701	13.818483
122.462163	13.816854	
X 264	
122.463416	13.816242
122.469609	13.809657
X 265	
122.469956	13.808708
122.4726	13.805924
X 266	
122.473297	13.805787
122.478515	13.799679
122.48464	13.794382
122.484988	13.793974
X 267	
122.485474	13.792618
122.493967	13.786096
122.497935	13.782701
122.506498	13.776517
X 268	
122.295562	13.982514
122.251024	14.027052
X 269	
122.598669	13.500189
122.59366	13.506031
X 270	
122.592682	13.50672
122.589413	13.510637
X 271	
122.589345	13.51098
122.585375	13.515037
X 272	
122.582941	13.51806
122.580641	13.520193
X 273	
122.580865	13.521835
122.580029	13.522729
X 274	
122.578903	13.522392
122.577578	13.523562
X 275	
122.579751	13.523072
122.574806	13.52823
X 276	
122.598385	13.49978
122.605405	13.490643
X 277	
122.605394	13.489274
122.615265	13.476701
X 278	
122.604956	13.487291
122.595489	13.497671
X 279	
122.592272	13.49933
122.589705	13.503312
122.585667	13.507712
122.583447	13.511076
122.581852	13.513548
122.578728	13.51808
122.57184	13.526122
X 280	
122.570024	13.527362
122.567583	13.529564
122.565564	13.531696
122.564308	13.53266
122.560819	13.535552
122.559216	13.536997
122.554415	13.542564
X 281	
122.555285	13.546051
122.552572	13.549281
122.545739	13.555405
122.538278	13.562012
122.536683	13.564483
122.533827	13.56744
X 282	
122.586625	13.495729
122.571285	13.509491
X 283	
122.570027	13.510182
122.552748	13.527376
X 284	
122.552623	13.529293
122.541613	13.540024
122.530901	13.552806
122.51974	13.562168
122.510117	13.570702
122.498824	13.58116
X 285	
121.2794	15.44172
121.274957	15.399231
121.272061	15.355226
121.281527	15.302122
121.283246	15.259636
X 286	
121.38637	14.913714
121.389732	14.846951
121.386861	14.796877
121.387021	14.758942
121.394953	14.70432
X 287	
121.205363	14.731557
121.250125	14.710331
121.293302	14.699727
121.319534	14.689116
X 288	
121.019973	13.393155
121.002798	13.447774
X 289	
121.209713	12.963812
121.200413	12.977465
121.198789	12.99719
X 290	
122.209324	13.887378
122.25329	13.843709
122.329733	13.789132
122.386745	13.728305
122.459958	13.670606
X 291	
121.050277	14.382107
121.05021	14.38188
121.050176	14.381702
121.050143	14.381508
121.05011	14.381314
121.050043	14.381071
X 292	
121.050628	14.383499
121.050527	14.383208
121.050477	14.382852
121.050427	14.382641
X 293	
121.05041	14.38256
121.05036	14.382366
121.050293	14.382172
X 294	
121.052448	14.379569
121.052314	14.37931
121.052147	14.379051
121.05193	14.378808
X 295	
121.051863	14.378711
121.051713	14.378485
121.051579	14.378258
121.051546	14.378209
X 296	
121.051479	14.378209
121.051295	14.377902
X 297	
121.051245	14.377837
121.051061	14.37761
121.050928	14.377448
121.050861	14.377205
X 298	
121.050861	14.377691
121.050744	14.377383
121.050727	14.377238
X 299	
121.052214	14.377887
121.05203	14.377611
121.051713	14.377239
X 300	
121.052298	14.377935
121.052465	14.378178
X 301	
121.052498	14.378227
121.052598	14.378421
X 302	
121.052615	14.378453
121.052732	14.378648
X 303	
121.050043	14.375781
121.050194	14.375829
X 304	
121.050276	14.375813
121.05046	14.375878
X 305	
121.049401	14.447744
121.049252	14.447528
X 306	
121.04926	14.447472
121.049127	14.447161
121.049037	14.447057
121.048928	14.446738
121.048762	14.446362
121.048672	14.446243
X 307	
121.048655	14.446187
121.048547	14.445955
X 308	
121.048637	14.445923
121.048455	14.44562
X 309	
121.048554	14.445579
121.048438	14.445396
X 310	
121.048487	14.445356
121.048396	14.445156
X 311	
121.048396	14.445116
121.048304	14.4449
X 312	
121.048362	14.444852
121.04827	14.444677
X 313	
121.048311	14.444652
121.048252	14.444317
X 314	
121.048285	14.444237
121.048177	14.443901
X 315	
121.048144	14.443829
121.04811	14.443741
121.048052	14.443494
X 316	
121.047171	14.443121
121.047104	14.442753
X 317	
121.047095	14.442713
121.047012	14.442338
X 318	
121.047003	14.442298
121.046995	14.442202
121.047003	14.442138
121.04706	14.442049
121.047092	14.442009
X 319	
121.047117	14.441961
121.047149	14.441753
121.047148	14.441521
X 320	
121.047148	14.441481
121.047163	14.441329
121.047188	14.441297
121.047253	14.441201
X 321	
121.047212	14.441201
121.047097	14.441122
X 322	
121.047236	14.441009
121.04708	14.44093
X 323	
121.047012	14.440554
121.046823	14.440475
X 324	
121.046542	14.4401
121.046336	14.439965
X 325	
121.046311	14.439925
121.046129	14.439677
X 326	
121.04617	14.439645
121.046063	14.439462
121.045996	14.439222
121.045954	14.439038
X 327	
121.04602	14.439014
121.045888	14.438854
121.045821	14.438703
121.045821	14.438591
X 328	
121.045788	14.438575
121.045672	14.438327
X 329	
121.045631	14.438303
121.045564	14.43816
121.04544	14.438024
X 330	
121.045358	14.438048
121.045194	14.437921
X 331	
121.045167	14.437529
121.045068	14.437402
121.044961	14.437234
121.044804	14.437138
X 332	
121.044738	14.437139
121.044664	14.436979
121.044302	14.436828
X 333	
121.044219	14.436701
121.044037	14.436437
121.043905	14.436254
121.043707	14.436174
121.043271	14.435864
121.043065	14.435737
121.042999	14.435641
X 334	
121.042957	14.435601
121.042768	14.435522
121.042677	14.435442
X 335	
121.042636	14.435434
121.042176	14.43534
X 336	
121.042126	14.435316
121.041632	14.435053
X 337	
121.041632	14.435013
121.04146	14.434958
X 338	
121.04141	14.434942
121.041245	14.434831
121.041048	14.434791
X 339	
121.040999	14.434784
121.040662	14.434705
X 340	
121.04044	14.434705
121.040004	14.434707
X 341	
121.040513	14.434497
121.039987	14.434467
X 342	
121.039027	14.432823
121.03929	14.43291
X 343	
121.047467	14.435547
121.047137	14.435252
121.047046	14.435076
121.046823	14.434861
X 344	
121.046864	14.434781
121.046773	14.434581
121.046763	14.434357
121.046746	14.434141
121.046729	14.433973
121.04672	14.433814
X 345	
121.049252	14.432438
121.049029	14.432143
121.048831	14.431887
121.048567	14.431592
121.048443	14.431529
121.048336	14.431465
121.048278	14.431361
121.048098	14.431354
121.047974	14.431322
121.047867	14.431147
121.047693	14.430955
X 346	
121.048872	14.424378
121.048691	14.424219
121.048484	14.423955
121.048244	14.423428
X 347	
121.049033	14.412222
121.048794	14.412087
121.048489	14.411848
121.048323	14.411473
X 348	
121.048282	14.411425
121.048175	14.411345
121.048092	14.411233
121.048051	14.411106
121.048009	14.410914
121.047975	14.410722
X 349	
121.047966	14.410642
121.04795	14.410554
121.047924	14.410298
121.047849	14.410067
121.047856	14.409883
121.047856	14.409811
121.047781	14.409595
121.047632	14.409348
121.047557	14.409068
X 350	
121.04759	14.408988
121.047465	14.408668
X 351	
121.047432	14.408612
121.047407	14.408445
X 352	
121.04739	14.408413
121.047281	14.408005
X 353	
121.047355	14.407957
121.047091	14.40759
X 354	
121.047578	14.406277
121.047519	14.406085
X 355	
121.047419	14.405646
121.047311	14.405398
X 356	
121.046726	14.403081
121.046635	14.402913
121.04656	14.402753
121.046494	14.402658
121.046214	14.402435
121.045991	14.402163
121.045851	14.402028
121.045686	14.401892
121.045538	14.401797
121.04543	14.401557
121.045338	14.401254
121.045247	14.40107
121.045106	14.400735
121.04494	14.400463
121.044775	14.40024
X 357	
121.044594	14.399954
121.043936	14.398904
X 358	
121.043904	14.398864
121.043714	14.398559
121.043385	14.398086
121.043139	14.397766
121.042908	14.397541
121.042694	14.397325
X 359	
121.042736	14.39686
121.042637	14.396636
121.042539	14.396564
X 360	
121.042316	14.396307
121.042284	14.396155
121.042185	14.395875
121.042128	14.39561
X 361	
121.041988	14.395658
121.041831	14.395474
121.041683	14.395169
X 362	
121.04156	14.395129
121.041453	14.394977
121.041404	14.394801
121.041322	14.39436
X 363	
121.04133	14.394256
121.041347	14.394184
121.041248	14.393984
X 364	
121.041215	14.394232
121.041174	14.394056
X 365	
121.044276	14.396558
121.044243	14.396269
121.044029	14.396077
121.043857	14.39578
X 366	
121.043487	14.394891
121.043462	14.394691
X 367	
121.043487	14.394475
121.043191	14.394218
X 368	
121.049412	14.399231
121.049157	14.399094
121.048967	14.398942
121.048696	14.398773
121.048515	14.398693
121.048358	14.398356
X 369	
121.048515	14.398229
121.048268	14.398196
121.048103	14.398068
121.047774	14.397739
121.047544	14.397483
121.047355	14.397226
121.047182	14.397074
121.047009	14.396849
121.046746	14.396609
121.046639	14.396512
121.046499	14.3964
121.046351	14.39636
X 370	
121.04631	14.396328
121.046137	14.396071
121.045997	14.395831
121.045767	14.395647
X 371	
121.045277	14.391249
121.045038	14.391073
X 372	
121.04489	14.391001
121.044857	14.390872
X 373	
121.044791	14.390848
121.044758	14.390688
121.044701	14.390552
121.044676	14.39036
121.044718	14.390215
121.044742	14.390055
121.044751	14.389879
121.04471	14.389751
121.044636	14.389623
121.044529	14.38947
121.044471	14.38943
121.044307	14.389294
X 374	
121.0442	14.389174
121.044192	14.389022
121.044085	14.388677
121.044085	14.388565
121.044044	14.388221
121.044011	14.38802
121.04402	14.38782
121.043962	14.387692
121.04388	14.387468
121.043798	14.387075
121.043724	14.386819
121.04365	14.386482
121.043552	14.386114
121.043478	14.385921
121.043387	14.385697
121.043272	14.385473
121.043166	14.385176
121.0431	14.384864
121.043034	14.384599
121.042936	14.384423
121.042796	14.384263
121.042722	14.384167
121.042615	14.383966
121.042418	14.383574
X 375	
121.04774	14.389891
121.047773	14.389226
X 376	
121.047864	14.389186
121.047897	14.388697
X 377	
121.047559	14.389049
121.047609	14.388393
X 378	
121.04765	14.388297
121.047626	14.388016
121.047593	14.387752
121.047528	14.3876
121.047314	14.387407
121.047182	14.387151
121.046993	14.387055
121.046911	14.386918
121.046639	14.38667
121.046491	14.386574
121.046203	14.385844
X 379	
121.046195	14.38582
121.046055	14.38558
X 380	
121.049078	14.385039
121.048724	14.38487
121.048551	14.384678
121.048378	14.384534
121.048164	14.384469
121.048	14.384349
X 381	
121.047991	14.384237
121.047629	14.384092
121.047391	14.384004
121.047267	14.383876
121.046987	14.383755
121.046625	14.383442
121.046494	14.38329
121.046461	14.38321
121.046173	14.383017
X 382	
121.046255	14.382929
121.046115	14.382737
X 383	
121.046132	14.382649
121.045943	14.3824
X 384	
121.046017	14.382328
121.045902	14.38228
121.045696	14.381872
X 385	
121.045853	14.3818
121.045622	14.381623
121.045474	14.381359
X 386	
121.045466	14.381287
121.045376	14.38119
121.045252	14.380934
X 387	
121.045359	14.380862
121.045253	14.380542
X 388	
121.045368	14.380478
121.045286	14.380317
121.045179	14.380085
121.044998	14.379925
121.044578	14.37958
X 389	
121.047575	14.379791
121.047427	14.379407
X 390	
121.047164	14.37907
121.047057	14.378742
X 391	
121.049794	14.375373
121.049514	14.375381
121.049217	14.375381
121.048987	14.37534
121.048806	14.375292
121.048361	14.375219
121.047645	14.375195
121.04669	14.375041
X 392	
121.049942	14.375494
121.049785	14.375469
X 393	
121.049785	14.375525
121.04958	14.375493
X 394	
121.042744	14.37776
121.042357	14.377479
121.042151	14.377166
121.041995	14.376878
X 395	
121.04276	14.377776
121.042925	14.377984
X 396	
121.042942	14.376406
121.043132	14.376551
121.043395	14.376719
121.043666	14.376896
121.04421	14.377353
X 397	
121.04193	14.375949
121.042062	14.375484
X 398	
121.042095	14.375476
121.042161	14.375092
121.042252	14.374476
121.042302	14.374147
X 399	
121.042384	14.373899
121.042327	14.373771
121.042302	14.373547
121.042418	14.373314
121.042533	14.37313
121.042649	14.372978
121.042641	14.37281
121.04274	14.372506
X 400	
121.042592	14.372129
121.042543	14.371513
121.04251	14.370976
121.042478	14.370255
121.042421	14.369903
121.042371	14.36967
121.042265	14.369046
121.042241	14.368429
121.042183	14.368173
X 401	
121.042101	14.367876
121.041986	14.367572
121.041871	14.367139
121.041608	14.36665
121.041452	14.36641
121.041197	14.365969
121.040712	14.365
121.040531	14.364463
121.040384	14.363782
121.040236	14.363253
X 402	
121.044922	14.340964
121.044724	14.340693
121.044576	14.340294
121.044363	14.339878
121.044248	14.339559
X 403	
121.044215	14.339463
121.043919	14.339064
121.043491	14.3386
121.043047	14.338105
121.042604	14.337594
121.04216	14.336923
121.041831	14.336332
121.041568	14.335629
121.041486	14.33531
X 404	
121.041502	14.335294
121.041157	14.334607
121.040811	14.333729
X 405	
121.040203	14.33376
121.040104	14.333605
X 406	
121.040063	14.33354
121.039899	14.333341
X 407	
121.039784	14.333309
121.039611	14.333157
X 408	
121.039562	14.333189
121.039381	14.332981
X 409	
121.039414	14.332925
121.03925	14.332757
X 410	
121.039307	14.332694
121.039176	14.332534
X 411	
121.039266	14.332478
121.039151	14.332302
X 412	
121.039135	14.332223
121.03902	14.332023
X 413	
121.03897	14.331951
121.038863	14.331775
X 414	
121.03883	14.331703
121.038674	14.33148
X 415	
121.0386	14.331448
121.038469	14.331304
X 416	
121.038469	14.331224
121.038354	14.331064
X 417	
121.038313	14.331016
121.038198	14.330881
X 418	
121.038181	14.330793
121.038041	14.330633
X 419	
121.038074	14.330593
121.037959	14.330425	
X 420	
121.037934	14.330338
121.037836	14.33021
X 421	
121.037893	14.330154
121.037795	14.330018
X 422	
121.03786	14.329946
121.037745	14.329835
X 423	
121.037729	14.329787
121.037597	14.329675
X 424	
121.037606	14.329603
121.037466	14.329459
X 425	
121.037441	14.329379
121.037334	14.329267
X 426	
121.037236	14.329172
121.037137	14.329076
X 427	
121.037387	14.374167
121.037415	14.373014
121.037878	14.370949
X 428	
121.038376	14.37025
121.038523	14.366518
X 429	
121.049858	14.451135
121.049899	14.451276
X 430	
121.049913	14.45135
121.050044	14.451578
X 431	
121.050014	14.4516
121.0502	14.45194
121.050265	14.452135
121.050373	14.452281
X 432	
121.034815	14.3206
121.034335	14.319425
121.033743	14.317359
121.032968	14.315544
121.031935	14.313408
121.03072	14.311558
X 433	
121.033434	14.311086
121.033028	14.309946
121.032658	14.309021
121.032363	14.308237
121.031697	14.306136
X 434	
121.034854	14.302539
121.034849	14.30074
121.034907	14.295955
X 435	
121.032368	14.30007
121.033583	14.297011
121.034765	14.294666
121.035562	14.292355
X 436	
121.033776	14.290461
121.034574	14.288184
121.03478	14.286555
121.03509	14.284925
X 437	
121.034301	14.276409
121.034157	14.274713
121.034082	14.272677
121.034081	14.272406
121.034009	14.271659
121.034008	14.271082
121.034147	14.270708
121.034599	14.26996
121.034772	14.269417
121.03491	14.268738
121.035083	14.268092
X 438	
121.034837	14.267279
121.034485	14.266194
121.034062	14.264736
X 439	
121.034654	14.263716
121.03451	14.262155
121.034542	14.260933
121.034328	14.259034
121.03422	14.25771
121.034354	14.255606
X 440	
121.034561	14.25435
121.0348	14.252109
X 441	
121.035043	14.251599
121.035144	14.250207
X 442	
121.036374	14.34517
121.036374	14.34401
121.036598	14.341762
121.036523	14.33995
121.036822	14.33473
X 443	
121.037721	14.334004
121.037796	14.331394
121.037796	14.331031
X 444	
121.037796	14.328929
121.037721	14.327044
121.037945	14.325014
X 445	
121.033376	14.323134
121.033675	14.321974
121.034125	14.320813
X 446	
121.035098	14.31958
121.035398	14.318419
121.035697	14.316824
X 447	
121.035922	14.316389
121.036296	14.315011
X 448	
121.036596	14.31414
121.036821	14.313343
X 449	
121.035173	14.311532
121.035697	14.309212
121.035697	14.306964
121.035696	14.304572
X 450	
121.037193	14.291738
121.038541	14.288329
121.03914	14.285428
121.03914	14.282963
121.039215	14.279628
121.03899	14.277163
121.03914	14.276148
X 451	
121.03899	14.274046
121.039289	14.270348
121.039139	14.266578
X 452	
121.039213	14.262301
121.038539	14.260852
121.035767	14.255635
X 453	
121.173573	14.749957
121.173264	14.749418
X 454	
121.173256	14.749306
121.173039	14.748828
121.1729	14.748618
X 455	
121.172807	14.748453
121.172543	14.74778
121.172172	14.747167
121.171832	14.746688
121.171785	14.746554
X 456	
121.170084	14.743615
121.16978	14.743287
121.169371	14.742899
121.169143	14.742674
121.168767	14.742218
121.168485	14.741945
121.168202	14.741672
121.167857	14.741277
121.167512	14.740731
121.167324	14.740367
121.166847	14.739855
121.166589	14.739497
121.166391	14.739198
121.166132	14.738879
121.165912	14.738545
121.165535	14.738029
121.165284	14.737544
121.165113	14.737349
121.164915	14.736976
121.164794	14.736693
121.164794	14.736678
121.164748	14.736618
X 457	
121.164624	14.736604
121.164407	14.73611
X 458	
121.16181	14.732953
121.162057	14.733223
121.162321	14.733761
121.162475	14.734015
121.162615	14.73427
121.162754	14.734509
121.162754	14.734509
121.162785	14.734554
X 459	
121.161748	14.732908
121.161439	14.732385
121.161114	14.731831
121.160711	14.731263
121.160464	14.730769
121.160402	14.730634
X 460	
121.160309	14.7305
121.16	14.730111
121.159729	14.729621
121.159535	14.729288
X 461	
121.159597	14.729123
121.159427	14.728615
121.159101	14.727912
121.158884	14.727478
121.158451	14.726939
121.158173	14.726401
121.158064	14.726161
X 462	
121.158	14.725978
121.157615	14.725323
121.157341	14.724824
121.15712	14.72453
X 463	
121.156997	14.72435
121.156765	14.724081
121.156579	14.723707
X 464	
121.156439	14.723454
121.156098	14.72305
121.155665	14.722481
X 465	
121.155619	14.722376
121.155093	14.721613
X 466	
121.154954	14.721553
121.154352	14.721015
X 467	
121.154274	14.72091
121.153933	14.720177
X 468	
121.153903	14.719938
121.153516	14.71913
121.153324	14.718815
121.152979	14.718481
121.152634	14.717965
121.152383	14.717631
121.152163	14.717327
X 469	
121.150055	14.715043
121.150474	14.71557
121.150758	14.716209
121.151191	14.716629
X 470	
121.171717	14.746468
121.171477	14.745959
121.171238	14.745451
121.170691	14.744561
121.17028	14.744052
121.170178	14.743797
X 471	
121.152162	14.717328
121.1519	14.717166
121.151755	14.716993
121.151536	14.716841
121.151379	14.71672
X 472	
121.113788	14.710282
121.113851	14.710404
X 473	
121.113887	14.710456
121.114076	14.710858
X 474	
121.114103	14.710884
121.114292	14.711259
X 475	
121.114319	14.711285
121.1144	14.711425
121.114454	14.711547
121.114607	14.71201
121.114868	14.712507
121.114994	14.712777
121.115201	14.71324
121.115399	14.713842
121.115569	14.714243
X 476	
121.115596	14.714304
121.115668	14.714461
X 477	
121.115677	14.714496
121.115767	14.714644
X 478	
121.115785	14.714688
121.115839	14.714828
X 479	
121.115857	14.714906
121.116019	14.715211
121.116118	14.715482
121.116415	14.71618
121.116676	14.716669
121.116829	14.717087
X 480	
121.116847	14.717131
121.11691	14.717279
X 481	
121.116937	14.717349
121.117009	14.717515
X 482	
121.117018	14.717558
121.117108	14.717759
X 483	
121.117135	14.717829
121.117288	14.718181
121.117503	14.718588
121.117787	14.719274
121.117971	14.719798
121.118071	14.720132
X 484	
121.118071	14.720201
121.118125	14.720471
X 485	
121.117945	14.720698
121.118305	14.721292
121.118593	14.722016
121.118764	14.722548
X 486	
121.118764	14.722618
121.118836	14.722766
X 487	
121.118863	14.722862
121.119096	14.723385
121.119303	14.724161
121.11933	14.72458
121.119348	14.724833
121.119438	14.725042
X 488	
121.119483	14.725086
121.119546	14.725208
X 489	
121.119591	14.725278
121.119753	14.725688
121.120014	14.726203
121.120077	14.726386
121.120185	14.726647
X 490	
121.120212	14.726813
121.120185	14.726691
X 491	
121.120221	14.726865
121.120383	14.727197
121.120788	14.727869
121.120932	14.728148
X 492	
121.120941	14.728209
121.121004	14.728384
X 493	
121.121058	14.728471
121.1214	14.72896
121.121661	14.729414
121.121913	14.72978
121.122524	14.73088
X 494	
121.122533	14.730941
121.122605	14.731072
X 495	
121.122623	14.731107
121.122929	14.731718
X 496	
121.122947	14.731787
121.123217	14.732381
121.123424	14.7328
121.123613	14.733218
121.123712	14.73355
X 497	
121.123698	14.733637
121.123914	14.734291
X 498	
121.123959	14.734396
121.124085	14.734832
X 499	
121.124139	14.734954
121.124184	14.735128
X 500	
121.124211	14.735251
121.1244	14.735861
X 501	
121.124427	14.735931
121.124625	14.73655
121.124715	14.736899
121.124787	14.737082
X 502	
121.124823	14.737152
121.12485	14.737265
X 503	
121.124886	14.737361
121.125021	14.737719
121.12521	14.738286
X 504	
121.125237	14.738356
121.125318	14.738644
121.125453	14.739027
X 505	
121.125489	14.739123
121.125534	14.739245
X 506	
121.125543	14.739272
121.125588	14.739411
X 507	
121.125615	14.73949
121.125804	14.739969
X 508	
121.12584	14.740039
121.125975	14.740362
121.126119	14.740641
X 509	
121.126173	14.740763
121.126371	14.741174
X 510	
121.126416	14.741261
121.12647	14.741374
X 511	
121.126506	14.741479
121.12665	14.741758
121.126758	14.741968
121.126893	14.742186
X 512	
121.126947	14.742264
121.127091	14.742544
X 513	
121.127118	14.742579
121.127225	14.742814
X 514	
121.127261	14.742901
121.127513	14.743346
121.127729	14.743704
121.12799	14.744141
121.128242	14.74456
121.128449	14.744917
121.128701	14.745328
X 515	
121.128737	14.745398
121.128809	14.745528
X 516	
121.128854	14.745598
121.128926	14.745729
X 517	
121.128989	14.745808
121.129178	14.746122
121.129322	14.746323
121.129502	14.746585
X 518	
121.12952	14.746611
121.129754	14.747065
121.13014	14.747597
121.130455	14.748095
121.130698	14.748496
121.13086	14.748767
121.131067	14.749159
121.131499	14.749901
121.131544	14.74998
X 519	
121.149981	14.715535
121.148901	14.713894
121.148415	14.713422
121.148307	14.71323
121.148056	14.712898
X 520	
121.148002	14.712811
121.147804	14.712566
X 521	
121.14775	14.712479
121.147588	14.712148
121.147336	14.711851
121.147282	14.711467
X 522	
121.148451	14.71215
121.148415	14.711679
121.148235	14.711399
121.148019	14.71126
121.14784	14.711102
121.147318	14.710892
121.146796	14.71049
X 523	
121.146742	14.710455
121.146598	14.710245
X 524	
121.108444	14.701728
121.108534	14.701868
X 525	
121.108561	14.70192
121.108669	14.70206
X 526	
121.108696	14.702112
121.108786	14.702252
X 527	
121.108804	14.70233
121.108876	14.702461
X 528	
121.108894	14.702514
121.109011	14.702688
X 529	
121.109038	14.702732
121.109389	14.703282
121.109506	14.703448
X 530	
121.109515	14.703456
121.110414	14.704722
121.110918	14.705377
121.111278	14.705857
X 531	
121.111305	14.705909
121.11144	14.706119
X 532	
121.111485	14.70618
121.111593	14.706311
X 533	
121.111629	14.706364
121.111773	14.706503
X 534	
121.111791	14.706538
121.111926	14.706695
X 535	
121.111944	14.706722
121.112052	14.706896
X 536	
121.112097	14.706957
121.112438	14.707411
121.112591	14.707621
121.112762	14.7079
121.112861	14.708083
X 537	
121.11261	14.708632
121.112825	14.708894
121.113113	14.709252
121.113491	14.709715
121.11377	14.710256
X 538	
121.112583	14.708588
121.112448	14.708448
121.112313	14.708343
121.112196	14.708212
121.112097	14.708055
121.112034	14.707907
121.112007	14.70768
X 539	
121.112861	14.708118
121.112924	14.708345
121.112924	14.708589
121.112915	14.708737
X 540	
121.146544	14.710158
121.14622	14.709652
121.145896	14.709215
121.145752	14.708831
X 541	
121.145662	14.708761
121.145321	14.707924
121.144871	14.706772
121.144115	14.704836
121.143287	14.702864
121.142855	14.701922
121.142513	14.701119
X 542	
121.059629	14.549365
121.059299	14.548825
121.059299	14.548842
X 543	
121.059225	14.548673
121.059147	14.548539
121.059147	14.54853
X 544	
121.059051	14.548311
121.058912	14.547788
X 545	
121.05886	14.54762
121.058712	14.547156
X 546	
121.058643	14.546954
121.058573	14.54649
121.058573	14.54649
X 547	
121.058521	14.546254
121.058468	14.545874
X 548	
121.058416	14.545681
121.058355	14.54536
X 549	
121.058312	14.545183
121.058277	14.544955
X 550	
121.057807	14.543067
121.057816	14.543269
121.057842	14.543472
121.057868	14.543674
121.057903	14.543876
121.057955	14.544045
121.058025	14.544256
121.058138	14.544559
X 551	
121.057789	14.542553
121.057789	14.542266
121.057789	14.542266
X 552	
121.05778	14.542165
121.05778	14.541895
X 553	
121.057771	14.541828
121.057736	14.541457
X 554	
121.057736	14.541406
121.057692	14.541364
121.057684	14.541263
121.057666	14.541136
121.05764	14.540993
121.057605	14.540807
121.057597	14.540698
121.057596	14.54058
121.05757	14.54031
121.05757	14.540082
121.057579	14.540032
121.05757	14.54004
X 555	
121.057544	14.539981
121.0575	14.539703
121.057404	14.539256
121.057309	14.538969
121.057135	14.538405
121.057065	14.538185
X 556	
121.057005	14.538093
121.056848	14.537713
121.056752	14.537477
121.056466	14.53671
121.056361	14.536381
121.056118	14.535462
121.055709	14.534349
X 557	
121.054996	14.532537
121.054866	14.532048
X 558	
121.054831	14.531938
121.054744	14.531643
X 559	
121.055654	14.534216
121.055637	14.534143
X 560	
121.055604	14.534095
121.055015	14.532589
X 561	
121.054724	14.531599
121.054574	14.531027
121.054433	14.530576
121.05435	14.530351
121.054118	14.529795
121.053935	14.529263
121.053818	14.528659
121.053785	14.528426
X 562	
121.053777	14.528361
121.053702	14.527548
X 563	
121.05371	14.527476
121.053742	14.526533
X 564	
121.053767	14.52642
121.053766	14.525897
121.053691	14.524882
X 565	
121.054846	14.528329
121.05487	14.52783
121.054869	14.527274
121.054811	14.526911
121.054803	14.526533
X 566	
121.054819	14.526444
121.054802	14.525897
121.054752	14.525421
121.054768	14.524737
121.054743	14.524133
121.054734	14.523907
X 567	
121.053973	14.524697
121.053956	14.524447
121.053955	14.52394
121.053963	14.522933
121.054012	14.522466
121.05407	14.521967
X 568	
121.054518	14.523593
121.05451	14.523231
121.054534	14.52257
121.054567	14.522208
121.054558	14.521515
X 569	
121.054541	14.521378
121.054541	14.520855
121.054532	14.52005
X 570	
121.05454	14.520001
121.054523	14.519768
121.05454	14.51947
121.054598	14.519172
121.054639	14.518761
121.054696	14.518245
121.054646	14.517794
X 571	
121.054696	14.517617
121.054712	14.517335
121.054703	14.516892
121.054695	14.516691
121.054695	14.516457
121.054727	14.516119
121.054661	14.515821
121.054652	14.515459
121.054611	14.515072
121.05461	14.514758
121.054618	14.514517
X 572	
121.068179	14.580769
121.068104	14.580302
121.068104	14.580302
X 573	
121.06808	14.580189
121.067964	14.579873
X 574	
121.067907	14.579723
121.067845	14.579549
121.067783	14.579445
X 575	
121.067682	14.579203
121.067611	14.578973
121.06754	14.578794
121.067539	14.578693
121.067476	14.578547
121.067388	14.578443
121.067316	14.578145
121.06719	14.577668
121.067154	14.577523
121.067194	14.577235
121.0672	14.576947
121.067216	14.576837
121.067318	14.576645
121.067557	14.576268
121.067657	14.575948
121.067698	14.57572
121.067863	14.574927
121.067844	14.574782
121.067834	14.574697
121.067825	14.574655
121.067816	14.574578
X 576	
121.067	14.570851
121.066742	14.57042
121.066546	14.570061
121.066396	14.569703
121.066175	14.569144
121.066118	14.568848
X 577	
121.063112	14.558633
121.063279	14.558985
121.063485	14.559442
121.063634	14.559881
X 578	
121.06616	14.568736
121.066214	14.568439
121.066513	14.567902
121.066644	14.567695
121.066773	14.567329
X 579	
121.066747	14.567215
121.066897	14.567036
121.066928	14.566837
121.066975	14.566474
121.066955	14.566092
121.066918	14.565743
121.066862	14.565261
121.066892	14.564964
121.066973	14.564567
121.066972	14.564517
X 580	
121.068192	14.580905
121.06829	14.581239
121.068392	14.581841
121.068549	14.582443
121.068822	14.583164
X 581	
121.069004	14.583252
121.069209	14.58359
121.069401	14.584085
121.069493	14.58479
X 582	
121.069861	14.58618
121.069762	14.585846
121.06955	14.585212
121.069528	14.585013
121.069509	14.584864
X 583	
121.070015	14.58717
121.069922	14.586581
121.069886	14.586225
121.069875	14.586224
121.069875	14.586224
X 584	
121.07095	14.589656
121.070842	14.589277
121.070735	14.588976
121.070609	14.58855
121.070449	14.588091
121.070322	14.587555
121.070268	14.587412
X 585	
121.071341	14.595108
121.07148	14.594658
121.071557	14.594067
121.071593	14.593563
121.071627	14.593041
121.071602	14.592621
121.07149	14.591975
121.071445	14.591626
121.071461	14.59119
121.071435	14.590877
X 586	
121.071365	14.590767
121.071257	14.59045
121.071063	14.590101
121.070956	14.589738
X 587	
121.072264	14.6
121.072262	14.599851
121.072228	14.599478
121.072224	14.599076
121.072206	14.598704
121.072127	14.598404
121.071959	14.598118
121.07182	14.597787
121.071711	14.597399
121.071726	14.597443
X 588	
121.071615	14.597115
121.071542	14.596784
X 589	
121.071489	14.596607
121.071434	14.596308
121.071431	14.596056
121.071431	14.596056
X 590	
121.071387	14.59584
121.071375	14.595543
121.071374	14.5953
X 591	
121.066984	14.570851
121.067089	14.570504
121.067257	14.570321
121.06749	14.570227
121.067681	14.570007
121.067786	14.569597
121.067857	14.569115
121.067907	14.568598
121.067922	14.568312
121.067993	14.568027
121.068064	14.567617
121.067967	14.567238
121.067851	14.566878
121.067755	14.566554
X 592	
121.066985	14.570898
121.066974	14.571344
121.067025	14.571891
121.067077	14.57257
121.067142	14.572935
X 593	
121.067203	14.573049
121.067363	14.573613
121.067519	14.574012
121.067608	14.574344
121.067798	14.574546
X 594	
121.06079	14.551292
121.060586	14.550837
121.06034	14.550223
121.060257	14.549991
X 595	
121.060702	14.552134
121.060289	14.551295
X 596	
121.060916	14.55371
121.060601	14.552859
121.060601	14.552859
121.060582	14.552896
X 597	
121.061925	14.555889
121.0618	14.555649
121.061567	14.555221
121.061422	14.554912
121.061172	14.554501
121.060939	14.55409
X 598	
121.062913	14.557927
121.06309	14.558355
X 599	
121.062566	14.557427
121.062383	14.557057
121.062254	14.556863
121.062125	14.556599
X 600	
121.107014	14.694602
121.106879	14.694212
121.106608	14.693424
121.106531	14.693165
121.106425	14.69284
121.106175	14.692395
121.10604	14.692071
121.105799	14.69158
121.105693	14.691367
121.105627	14.691295
121.105399	14.691075
X 601	
121.107453	14.694675
121.107328	14.694379
121.107289	14.694258
121.107202	14.694045
121.107125	14.69385
121.107086	14.693665
121.107057	14.693498
121.107008	14.693303
121.106921	14.693016
121.106854	14.692886
121.106767	14.6927
121.1067	14.692487
121.106689	14.692339
X 602	
121.106478	14.692005
121.106401	14.691829
121.106257	14.691644
121.106161	14.691468
121.106065	14.691255
121.106026	14.690995
X 603	
121.100346	14.683037
121.100306	14.68261
121.100168	14.681553
121.100128	14.6812
121.100021	14.680765
X 604	
121.10758	14.699963
121.107388	14.69949
X 605	
121.107079	14.698693
121.107021	14.698442
121.106991	14.698081
121.106981	14.698053
X 606	
121.107	14.698016
121.107017	14.697487
121.107043	14.696995
121.107032	14.696698
121.106973	14.696281
X 607	
121.106983	14.696234
121.106991	14.695984
121.107057	14.695752
121.107075	14.695566
121.107122	14.695307
121.107131	14.695242
X 608	
121.107131	14.695232
121.10714	14.695093
121.10712	14.694963
121.1071	14.694787
X 609	
121.102976	14.690022
121.103254	14.690431
121.103531	14.690762
X 610	
121.105511	14.691198
121.104716	14.690246
X 611	
121.104678	14.69019
121.104351	14.689671
121.104024	14.688986
121.103754	14.688262
121.103464	14.687465
121.10306	14.686705
121.102595	14.684906
121.102343	14.684016
121.101882	14.683127
121.101534	14.682088
121.101302	14.681402
121.101164	14.680289
X 612	
121.142409	14.700031
121.142226	14.699437
121.141983	14.698575
121.141904	14.697935
121.141768	14.697295
121.141739	14.697138
X 613	
121.141729	14.697101
121.141681	14.696897
X 614	
121.141661	14.696832
121.141497	14.696248
121.141438	14.696007
121.141159	14.695311
X 615	
121.141111	14.695256
121.140727	14.6947
X 616	
121.140622	14.694728
121.140275	14.693856
121.139996	14.69331
121.139756	14.692781
X 617	
121.139708	14.692707
121.139592	14.692494
X 618	
121.139516	14.692466
121.139305	14.692161
121.139094	14.691827
121.139074	14.691762
X 619	
121.139036	14.691716
121.139007	14.691632
X 620	
121.138921	14.691568
121.138709	14.691021
121.13867	14.690835
X 621	
121.138563	14.690399
121.13837	14.689778
121.138157	14.689231
121.137984	14.688814
121.137849	14.688369
121.137829	14.688286
X 622	
121.1378	14.688202
121.137685	14.687943
X 623	
121.137323	14.688194
121.137216	14.687675
121.137233	14.68722
121.137241	14.686775
121.13723	14.686404
X 624	
121.137182	14.686302
121.137076	14.686042
121.136969	14.685699
121.136978	14.685449
121.136966	14.684948
121.136956	14.684799
X 625	
121.136927	14.684744
121.136839	14.68415
121.136799	14.683891
X 626	
121.13677	14.683798
121.136663	14.683251
121.136546	14.682629
121.136439	14.682166
121.136381	14.68186
121.13638	14.6816
X 627	
121.137323	14.683732
121.137282	14.682953
X 628	
121.137282	14.682939
121.137231	14.682327
121.1372	14.681566
121.13715	14.681037
121.137002	14.680026
X 629	
121.137021	14.679961
121.136991	14.67973
X 630	
121.136943	14.679628
121.136951	14.679219
121.136959	14.678839
121.136967	14.678422
121.137003	14.678004
121.136992	14.67767
X 631	
121.136973	14.677587
121.136947	14.676121
X 632	
121.136938	14.676084
121.136849	14.675444
121.136771	14.674897
121.136732	14.674711
121.136629	14.67307
121.136521	14.672281
121.136423	14.671725
X 633	
121.100251	14.683155
121.100425	14.683693
121.100657	14.684564
121.100832	14.685195
121.101063	14.68577
121.101371	14.686363
121.101621	14.686975
X 634	
121.10168	14.687234
121.101874	14.687976
X 635	
121.102989	14.690033
121.102738	14.689496
121.102546	14.689069
121.102411	14.688699
121.102161	14.688328
121.10195	14.688087
X 636	
121.101154	14.680166
121.101132	14.679666
121.101092	14.679016
121.101051	14.678553
X 637	
121.107108	14.698783
121.107147	14.699024
121.107263	14.699265
121.107359	14.699488
X 638	
121.085996	14.652312
121.086044	14.652805
X 639	
121.086037	14.652827
121.086022	14.653161
121.086124	14.653472
121.086352	14.654275
X 640	
121.086781	14.654115
121.08682	14.654236
121.086883	14.654425
121.086923	14.654607
121.086993	14.654691
121.08704	14.654781
121.087111	14.654948
121.087135	14.655107
121.087205	14.655304
X 641	
121.087595	14.655008
121.087658	14.655144
121.087822	14.655311
121.087908	14.655462
121.088002	14.655697
121.088136	14.655985
121.088175	14.656151
X 642	
121.088183	14.656189
121.088238	14.656379
121.088309	14.656591
121.088372	14.656742
X 643	
121.088403	14.656841
121.088497	14.657174
X 644	
121.088584	14.657318
121.088647	14.657606
121.088741	14.657962
X 645	
121.087889	14.657388
121.087937	14.657562
121.088054	14.657797
121.088125	14.658047
X 646	
121.08818	14.658281
121.088189	14.658509
121.088228	14.658797
121.088284	14.659214
121.088315	14.65932
X 647	
121.088371	14.659539
121.088402	14.659782
121.088489	14.660017
121.088607	14.660373
X 648	
121.089066	14.659864
121.089153	14.660357
121.089153	14.660508
121.089217	14.661001
X 649	
121.089186	14.661039
121.089125	14.661532
X 650	
121.089101	14.661592
121.089025	14.66229
X 651	
121.090331	14.6583
121.090441	14.658649
121.090519	14.658861
121.09059	14.65908
121.090739	14.659421
X 652	
121.090786	14.659573
121.090888	14.659861
121.090982	14.660187
121.091037	14.660368
121.091061	14.660528
121.091101	14.660679
X 653	
121.08904	14.660448
121.089112	14.660971
121.089017	14.660759
X 654	
121.089299	14.660955
121.089235	14.660463
121.089337	14.660637
X 655	
121.091116	14.660717
121.091242	14.661126
121.091305	14.661323
121.091337	14.66152
X 656	
121.091321	14.661475
121.091479	14.662111
121.091542	14.662429
121.09162	14.66255
X 657	
121.091777	14.662899
121.092013	14.663444
121.092155	14.664293
X 658	
121.092155	14.664308
121.092218	14.664596
121.092328	14.664929
121.092407	14.665157
121.092736	14.665823
121.092972	14.666535
121.093145	14.667005
121.093397	14.667808
121.09346	14.668035
121.093664	14.668672
121.093946	14.669202
121.094259	14.669656
121.094495	14.67011
121.094698	14.670489
121.094762	14.670777
121.094762	14.671004
121.094809	14.671141
X 659	
121.094826	14.671414
121.094983	14.671914
121.095015	14.672232
121.095141	14.672687
121.095313	14.672974
121.0958	14.674156
121.096067	14.674883
121.096318	14.675595
121.096492	14.676217
X 660	
121.092516	14.665187
121.092296	14.664505
121.092468	14.664732
X 661	
121.092093	14.664566
121.092329	14.665233
121.092126	14.665036
X 662	
121.096492	14.676277
121.096743	14.676762
121.096884	14.676989
121.097025	14.677247
121.097072	14.677322
X 663	
121.097088	14.677398
121.097182	14.677656
121.097385	14.677928
121.097621	14.678534
X 664	
121.097652	14.678564
121.097887	14.678913
X 665	
121.097903	14.678943
121.097997	14.67914
121.098154	14.679473
121.098342	14.679776
121.098436	14.679943
X 666	
121.098467	14.679988
121.098592	14.680124
X 667	
121.099119	14.678577
121.099262	14.67932
X 668	
121.084443	14.653528
121.084678	14.654104
121.085039	14.654906
121.085133	14.655149
X 669	
121.085192	14.653678
121.085364	14.653966
121.08549	14.654269
121.085616	14.654617
X 670	
121.086194	14.65501
121.086445	14.655359
121.086758	14.655858
121.08693	14.656146
121.087072	14.656449
121.087307	14.656812
121.08751	14.656994
X 670	
121.091644	14.662626
121.091722	14.662838
121.091754	14.662853
X 671	
121.0986	14.6802
121.098726	14.680533
121.098789	14.680791
X 672	
121.086231	14.651363
121.086215	14.650999
121.086214	14.650711
121.086197	14.650256
121.086181	14.65012
X 674	
121.085192	14.653564
121.085097	14.653322
121.084988	14.653095
121.084846	14.65267
X 675	
121.084846	14.652655
121.084673	14.651928
X 676	
121.089062	14.659819
121.089046	14.659606
121.088983	14.659394
121.088951	14.659273
X 677	
121.086174	14.650069
121.086066	14.649509
X 678	
121.086068	14.649486
121.085914	14.648966
X 679	
121.085916	14.648949
121.085902	14.648763
121.085881	14.648567
121.085833	14.648284
X 680	
121.085825	14.648276
121.085768	14.647999
121.085711	14.647836
121.085598	14.647671
121.085485	14.647498
121.08535	14.647304
121.084842	14.646772
X 681	
121.084639	14.646889
121.08447	14.646617
121.084366	14.646398
121.084196	14.646044
121.084063	14.645634
121.083959	14.645306
121.083931	14.645252
X 682	
121.085018	14.646229
121.084807	14.646058
121.084736	14.645977
121.084644	14.645734
121.084553	14.645522
121.084532	14.645399
121.084521	14.645207
X 683	
121.083919	14.645257
121.083816	14.645129
121.083704	14.644922
121.083675	14.644813
121.083581	14.644546
121.083505	14.64425
121.083457	14.644122
121.083242	14.643876
121.08312	14.643767
X 684	
121.08313	14.643767
121.082942	14.643549
121.082791	14.643295
121.082659	14.643049
X 685	
121.08264	14.643013
121.082404	14.642476
X 686	
121.083541	14.643711
121.083381	14.643493
121.08322	14.643193
121.083031	14.642692
121.082823	14.642192
121.082728	14.641782
X 687	
121.082728	14.641791
121.082652	14.641536
121.082472	14.641126
121.08233	14.640781
121.082169	14.640344
X 688	
121.082151	14.640317
121.082	14.640044
121.081849	14.63978
121.081633	14.639526
X 689	
121.081473	14.640472
121.081368	14.640089
X 690	
121.081067	14.639713
121.08085	14.639167
121.080727	14.638995
121.080576	14.638631
121.080434	14.638267
121.080124	14.63784
121.079889	14.63764
121.079355	14.637287
X 691	
121.082658	14.64026
121.082544	14.639781
121.082457	14.639255
121.082307	14.63886
121.081298	14.63627
121.081006	14.635636
121.080837	14.635296
121.080528	14.634919
121.080088	14.634386
121.079741	14.634
121.079386	14.633532
121.079011	14.633136
X 692	
121.081619	14.639512
121.081513	14.639197
121.081304	14.638865
121.08117	14.638637
121.080902	14.637991
121.080691	14.637535
121.080415	14.637099
X 693	
121.080345	14.636942
121.079939	14.636142
X 694	
121.079981	14.636115
121.079763	14.635386
X 695	
121.079753	14.635359
121.079715	14.635077
121.079639	14.634895
121.079431	14.634403
X 696	
121.078891	14.632829
121.078372	14.631874
X 697	
121.078344	14.63181
121.07823	14.6314
X 698	
121.078239	14.631373
121.078088	14.631091
X 699	
121.078079	14.631064
121.077984	14.630854
121.07788	14.630581
121.077748	14.63029
121.077569	14.629999
X 700	
121.07756	14.629954
121.077389	14.629508
121.077248	14.629226
121.077151	14.628634
121.077018	14.628087
121.076855	14.627341
121.076739	14.626548
121.07655	14.626011
121.076407	14.625556
121.07633	14.6251
121.07593	14.623534
X 701	
121.075778	14.622887
121.07569	14.622167
X 702	
121.075624	14.622004
121.075556	14.621493
121.075292	14.620984
121.075253	14.620647
121.075157	14.620137
121.075058	14.619125
121.074941	14.617986
121.074788	14.617267
X 703	
121.074686	14.615608
121.074636	14.614979
121.074521	14.614378
121.074245	14.613312
121.074119	14.612365
121.074143	14.611535
121.074041	14.609903
121.073935	14.609174
121.07368	14.606805
121.073456	14.604919
121.073338	14.603798
121.073318	14.603488
121.073223	14.60316
121.073119	14.602951
121.072911	14.602496
121.072731	14.601841
121.072636	14.601522
121.072388	14.600475
121.072264	14.599937
X 704	
121.099364	14.679506
121.099514	14.679925
121.099649	14.680185
121.099903	14.680677
X 705	
126.176968	7.599021
126.215478	7.413219
126.189488	7.184917
126.20067	7.089358
126.249691	6.967269
X 706	
120.803399	16.16161
120.795217	16.214262
120.77911	16.257948
120.76532	16.291552
120.745863	16.320672
120.705938	16.348665
120.703649	16.352025
X 707	
120.886898	15.995919
120.901555	15.953144
120.926994	15.928199
120.950636	15.90058
120.967061	15.867609
120.998084	15.806124
X 708	
124.407302	6.845417
124.482681	6.693871
124.549122	6.576967
124.646539	6.412437
124.748243	6.273894
124.766011	6.230593
X 709	
124.182311	7.027219
124.266029	6.983945
124.336611	6.927673
124.385064	6.906039
124.407211	6.867071
X 710	
124.792664	6.165643
124.850238	6.066058
124.890026	6.014105
124.973725	5.975162
125.114471	5.962226
X 711	
124.878191	6.737335
124.935566	6.685389
124.975426	6.616113
125.024098	6.542509
X 712	
125.111012	6.785067
125.181885	6.659503
125.239423	6.56858
125.283899	6.447337
X 713	
125.09368	8.816181
125.164954	8.595341
125.231686	8.409145
125.258502	8.305218
X 714	
125.315876	8.253272
125.452826	8.09742
125.528151	7.958866
125.64319	7.785681
125.692044	7.668771
X 715	
125.566692	9.249444
125.59369	9.102209
125.607462	8.963631
125.621126	8.851037
125.656844	8.721129
125.710222	8.573904
125.763473	8.456995
125.834183	8.370408
125.918155	8.266504
125.993279	8.175588
126.077197	8.084676
X 716	
125.768088	8.405028
125.808349	8.240476
X 717	
125.821703	8.201504
125.866251	8.062938
125.893195	7.928696
125.893832	7.77712
125.91202	7.634212
125.938982	7.495639
125.970049	7.426359
125.992105	7.409045
X 718	
125.891311	7.331051
125.927012	7.205474
126.002118	7.118889
X 719	
125.992378	7.344084
126.125514	7.049646
X 720	
122.665315	8.113633
122.867995	8.009776
X 721	
123.431851	7.750155
123.251153	7.854022
123.180626	7.897301
123.10116	7.975223
X 722	
122.139908	7.593734
122.202462	7.355568
X 723	
122.079503	7.320873
122.168145	7.152009
X 724	
125.582357	9.706585
125.577674	9.658464
125.582903	9.576663
125.592977	9.504488
125.568753	9.456359
125.573962	9.379369
125.554523	9.355302
X 725	
125.559428	9.350492
125.569643	9.244633
X 726	
121.584488	14.824589
121.596332	14.720658
121.602402	14.633579
121.608341	14.5774
121.617215	14.501558
X 727	
121.036562	14.237275
121.042442	14.195141
121.048252	14.169862
X 728	
121.792689	14.074431
121.821584	14.041061
121.843235	14.020838
121.86074	14.009718
121.883392	13.995565
121.898851	13.982421
X 729	
121.703145	14.121939
121.729995	14.086545
X 730	
121.784614	14.041046
121.829991	13.995544
X 731	
121.405016	15.333657
121.42368	15.291177
121.443884	15.248699
121.46405	15.215324
121.482689	15.178915
121.488946	15.156157
X 732	
121.732476	14.301687
121.814559	14.22473
121.878106	14.158971
121.948668	14.096676
121.990979	14.065532
X 733	
121.657533	15.91112
121.711295	15.947558
121.763492	15.990066
121.857172	16.058385
121.93091	16.10697
X 734	
122.259081	14.019702
122.113516	14.146295
X 735	
122.20819	13.890682
121.991621	14.064646
X 736	
122.113995	14.145831
122.049086	14.195878
X 737	
124.370016	11.573254
124.394836	11.532295
124.418057	11.504991
124.452164	11.453414
124.483158	11.409422
124.483158	11.409422
124.483158	11.409422
X 738	
124.077736	11.843231
124.104071	11.808342
124.153684	11.732493
124.18774	11.693054
124.229612	11.626306
124.300734	11.564122
X 739	
124.359194	11.582354
124.340569	11.615729
124.303375	11.668822
124.249146	11.743152
124.027771	12.002536
123.962741	12.081414
123.897704	12.161809
123.855838	12.22704
X 740	
123.735543	12.260374
123.593107	12.430264
123.327104	12.679008
123.147825	12.818536
122.949781	13.024821
122.751532	13.279661
122.615156	13.473832
X 741	
123.552962	12.635853
123.599507	12.556968
123.670827	12.447745
123.735883	12.362797
123.819475	12.265718
123.850424	12.232348
X 742	
123.549868	12.638886
123.475595	12.717761
123.373517	12.814832
123.265226	12.92404
123.181762	12.990772
122.943397	13.26077
122.853541	13.382125
122.655241	13.649105
X 743	
122.193603	12.838387
122.162762	12.726013
122.145239	12.637879
122.123363	12.521103
122.079398	12.338222
122.017531	12.157538
121.926643	11.963622
121.840089	11.802757
121.829035	11.771908
X 744	
122.215414	11.906454
122.224592	11.851379
122.240564	11.776477
122.240582	11.772071
122.24513	11.754447
X 745	
122.644852	13.503097
122.59274	13.551645
122.555546	13.580047
122.500038	13.629154
122.460029	13.672212
X 746	
122.517631	13.77044
122.543557	13.752329
122.574364	13.725982
122.606814	13.693046
122.650594	13.655172
X 747	
125.212546	10.130562
125.242063	10.071396
125.282446	9.992508
125.318234	9.907549
X 748	
125.325968	9.899965
125.336828	9.881761
125.350768	9.863558
125.375505	9.842325
125.404914	9.808954
125.428199	9.766477
X 749	
121.405022	15.35914
121.64306	15.009694
121.762607	14.709496
121.854519	14.48995
121.909714	14.346571
122.055974	14.185303
X 750	
122.565495	17.225531
122.530524	17.116266
122.512395	17.031285
122.471301	16.912914
122.41941	16.797572
122.382739	16.726241
X 751	
122.381212	16.723205
122.332294	16.633661
122.277271	16.530457
X 752	
120.770475	18.549985
120.785572	18.619283
120.826493	18.820679
X 753	
120.93086	18.571702
120.956739	18.690808
120.986814	18.857554
121.014563	19.054614
X 754	
121.463525	18.933532
121.552554	19.195578
X 755	
121.718141	18.502724
121.774514	18.688968
X 756	
121.843316	18.533089
121.926096	18.712848
122.050625	18.896954
122.148802	19.074554
122.20958	19.258635
122.283412	19.475202
X 757	
122.015147	19.492418
121.994725	19.643986
121.960804	19.869172
X 758	
122.02978	18.626274
122.180798	18.784407
122.322995	18.949032
122.373101	19.05732
X 759	
121.491197	13.39668
121.284212	13.478882
121.046595	13.526426
120.514371	13.582514
120.316561	13.573773
X 760	
121.068578	13.526434
120.808651	13.651923
120.531029	13.803389
120.227009	13.959175
X 761	
120.187312	13.989474
120.068477	14.019742
X 762	
123.112147	12.682752
122.728551	12.942444
122.291759	13.306053
122.225519	13.375319
X 763	
122.19903	13.401293
122.101905	13.49653
X 764	
122.062172	13.535491
121.947532	13.613399
X 765	
122.945822	8.321621
122.800025	8.490462
122.675755	8.767581
X 766	
122.478327	8.667895
122.380747	8.871401
X 767	
122.349825	8.906035
122.26558	9.074901
X 768	
126.422907	8.47025
126.533004	8.426986
X 769	
126.56825	8.409677
126.682761	8.362085
126.687194	8.353425
126.740044	8.331792
X 770	
126.364113	6.768242
126.465854	6.621037
X 771	
126.483531	6.59939
126.554295	6.499811
X 772	
126.320384	6.711925
126.364677	6.633989
X 773	
125.779721	5.637684
125.827374	5.806602
125.861818	5.979846
125.843267	6.209368
125.794176	6.382579
125.740999	6.482165
125.6791	6.564424
125.630574	6.603382
X 774	
123.104725	12.681778
123.372711	12.55216
123.59045	12.430644
X 775	
121.011084	19.203161
121.195324	19.511003
121.337692	19.851249	
X 776	
123.027797	17.582961
123.037578	17.870959
123.041551	18.494589
X 777	
123.353918	17.399034
123.401125	17.674055
123.400588	17.801812
X 778	
123.402531	17.862443
123.434568	18.085489
123.407829	18.693949
X 779	
121.173573	14.749957
121.173264	14.749418
X 780	
121.173256	14.749306
121.173039	14.748828
121.1729	14.748618
X 781	
121.172807	14.748453
121.172543	14.74778
121.172172	14.747167
121.171832	14.746688
121.171785	14.746554
X 782	
121.170084	14.743615
121.16978	14.743287
121.169371	14.742899
121.169143	14.742674
121.168767	14.742218
121.168485	14.741945
121.168202	14.741672
121.167857	14.741277
121.167512	14.740731
121.167324	14.740367
121.166847	14.739855
121.166589	14.739497
121.166391	14.739198
121.166132	14.738879
121.165912	14.738545
121.165535	14.738029
121.165284	14.737544
121.165113	14.737349
121.164915	14.736976
121.164794	14.736693
121.164794	14.736678
121.164748	14.736618
X 783	
121.164624	14.736604
121.164407	14.73611
X 784	
121.16181	14.732953
121.162057	14.733223
121.162321	14.733761
121.162475	14.734015
121.162615	14.73427
121.162754	14.734509
121.162754	14.734509
121.162785	14.734554
X 785	
121.161748	14.732908
121.161439	14.732385
121.161114	14.731831
121.160711	14.731263
121.160464	14.730769
121.160402	14.730634
X 786	
121.171717	14.746468
121.171477	14.745959
121.171238	14.745451
121.170691	14.744561
121.17028	14.744052
121.170178	14.743797
X 787	
121.122623	14.731107
121.122929	14.731718
X 788	
121.122947	14.731787
121.123217	14.732381
121.123424	14.7328
121.123613	14.733218
121.123712	14.73355
X 789	
121.123698	14.733637
121.123914	14.734291
X 790	
121.123959	14.734396
121.124085	14.734832
X 791	
121.124139	14.734954
121.124184	14.735128
X 792	
121.124211	14.735251
121.1244	14.735861
X 793	
121.124427	14.735931
121.124625	14.73655
121.124715	14.736899
121.124787	14.737082
X 794	
121.124823	14.737152
121.12485	14.737265
X 795	
121.124886	14.737361
121.125021	14.737719
121.12521	14.738286
X 796	
121.125237	14.738356
121.125318	14.738644
121.125453	14.739027
X 797	
121.125489	14.739123
121.125534	14.739245
X 798	
121.125543	14.739272
121.125588	14.739411
X 799	
121.125615	14.73949
121.125804	14.739969
X 800	
121.12584	14.740039
121.125975	14.740362
121.126119	14.740641
X 801	
121.126173	14.740763
121.126371	14.741174
X 802	
121.126416	14.741261
121.12647	14.741374
X 803	
121.126506	14.741479
121.12665	14.741758
121.126758	14.741968
121.126893	14.742186	
X 804	
121.126947	14.742264
121.127091	14.742544
X 805	
121.127118	14.742579
121.127225	14.742814
X 806	
121.127261	14.742901
121.127513	14.743346
121.127729	14.743704
121.12799	14.744141
121.128242	14.74456
121.128449	14.744917
121.128701	14.745328
X 807	
121.128737	14.745398
121.128809	14.745528
X 808	
121.128854	14.745598
121.128926	14.745729
X 809	
121.128989	14.745808
121.129178	14.746122
121.129322	14.746323
121.129502	14.746585
X 810	
121.12952	14.746611
121.129754	14.747065
121.13014	14.747597
121.130455	14.748095
121.130698	14.748496
121.13086	14.748767
121.131067	14.749159
121.131499	14.749901
121.131544	14.74998
X 811	
121.131463	14.750001
121.131637	14.750313
121.13172	14.750465
121.131753	14.750585
121.131844	14.750721
121.131926	14.750873
121.131984	14.750937
X 812	
121.132075	14.751113
121.132215	14.751241
121.13229	14.751369
121.132389	14.751481
121.132455	14.751561
121.132595	14.751793
121.132761	14.752033
X 813	
121.132852	14.752145
121.132967	14.752289
121.133099	14.752457
121.133223	14.752641
121.133339	14.752777
121.133413	14.752905
121.133471	14.753033
121.133554	14.753161
121.133653	14.753312
121.133719	14.753432
121.133785	14.753536
121.133843	14.753704
121.133934	14.753968
121.134017	14.754224
121.134092	14.754448
X 814	
121.134125	14.754496
121.134216	14.754783
121.134349	14.755175
121.134415	14.755343
121.134498	14.755575
121.134597	14.755839
121.134655	14.755982
X 815	
121.13473	14.756031
121.134821	14.75623
121.134945	14.756742
121.134987	14.756998
121.13502	14.757181
X 816	
121.135053	14.757221
121.135194	14.757533
121.135327	14.757797
121.135459	14.758117
121.135492	14.758237
121.135666	14.758485
121.13579	14.758805
121.135865	14.75906
121.135956	14.759316
X 817	
121.135956	14.75934
121.136055	14.75962
121.13618	14.759924
121.13627	14.760076
121.136428	14.760395
121.136486	14.760627
121.136552	14.760835
X 818	
121.136536	14.760907
121.136693	14.761411
121.136793	14.761898
121.13691	14.762402
121.136985	14.762873
121.137026	14.763001
X 819	
121.137051	14.763073
121.137168	14.763552
121.137325	14.764056
121.137351	14.764551
121.137368	14.764863
121.137394	14.765287
121.137394	14.765622
121.137462	14.766277
121.13743	14.766956
121.137357	14.767364
121.137334	14.767907
121.137318	14.768243
121.137253	14.768802
121.137287	14.769113
121.137379	14.769617
121.137372	14.770168
121.137406	14.770927
121.137474	14.771774
121.137517	14.772501
121.137502	14.773141
121.137667	14.77354
121.137635	14.774084
121.137737	14.775186
121.13782	14.77541
121.137945	14.776089
121.138003	14.776401
X 820	
121.138011	14.776433
121.138144	14.776913
121.138385	14.777936
121.138477	14.778383
121.13856	14.778695
121.138726	14.77947
121.138818	14.78007
121.138894	14.780877
121.138955	14.782251
121.138956	14.782642
121.139097	14.783506
121.139198	14.784289
121.139233	14.785088
121.139383	14.786063
121.139517	14.78703
121.139593	14.788068
121.139678	14.788891
121.13963	14.789738
121.139526	14.791008
121.139428	14.791488
121.139348	14.792574
121.139416	14.793741
121.139378	14.794947
121.139404	14.795435
121.139538	14.796537
121.139483	14.797704
121.139551	14.798647
121.139727	14.799981
X 821	
121.136568	14.760723
121.136916	14.761635
121.13743	14.76293
121.137827	14.763633
121.137926	14.763889
121.13839	14.764992
121.139481	14.76672
121.140704	14.768847
121.141484	14.771165
121.141567	14.771645
121.141817	14.772827
121.141835	14.773562
121.141836	14.77409
121.141755	14.774793
121.141772	14.77516
121.141839	14.775672
121.141842	14.776886
121.141795	14.777797
121.14173	14.77818
121.141664	14.778564
X 822	
121.136204	14.75994
121.136469	14.76026
121.136848	14.760676
121.137327	14.761188
121.137723	14.761588
121.138995	14.76322
121.139739	14.764259
121.140201	14.764755
121.141059	14.765476
121.142164	14.766196
121.142429	14.766437
X 823	
121.140685	14.765595
121.141015	14.766043
121.141444	14.766395
121.141774	14.766635
121.142302	14.767052
121.14278	14.767308
121.143061	14.767516
121.143243	14.767724
121.143671	14.767885
121.144381	14.768349
121.144611	14.768493
X 824	
121.14476	14.768477
121.145419	14.768846
121.146013	14.769134
121.146607	14.769487
121.147464	14.76984
121.147926	14.770032
121.148602	14.770353
121.149179	14.770673
121.150004	14.771122
X