125.72  13.27   15  312   25  -102  24  X  Y
121.70  13.72   27   60   34   -74  24  X  Y
123.49   5.05  579  252   17   -63  24  X  Y
125.13  12.36   39  233   44   -74  24  X  Y
126.62   4.40   80  150   35   -48  24  X  Y
127.53   8.46   15  139   40  -129  23  X  Y
120.90  17.45   27   83   54  -147  24  X  Y
121.22  18.75   17  355   40   -32  24  X  Y
126.43   4.00  102  256   28  -134  24  X  Y
117.56   7.95   20   10   34  -120  24  X  Y
120.25  19.18   24   80   41   -73  24  X  Y
122.07   8.97   15  185   10   -71  23  X  Y
124.20   5.70   18   50   55  -153  23  X  Y
124.55   6.16   35   28   44  -148  24  X  Y
124.38   6.40   41   70   42   -88  24  X  Y
126.13   6.62   52  326    8  -118  23  X  Y
117.13   7.02   16   11   26  -118  23  X  Y
126.39   9.16   79  354   22   -93  23  X  Y
123.38   5.13  574  179   17  -111  24  X  Y
121.58  15.84   23  331   61  -155  24  X  Y
126.59   7.57   20  130   43   -65  23  X  Y
121.43  19.56   15  187    9  -144  23  X  Y
121.17  19.83   43  330   43   -56  24  X  Y
122.67   4.69  605  253    8   -21  25  X  Y
119.79  14.01   15  272   43  -122  23  X  Y
126.61   4.20   74   95   65   -21  23  X  Y
126.51   7.87   69  164   34   -93  23  X  Y
121.01  19.56   37  268   37  -112  23  X  Y
126.02   5.68  199  313   52   -21  23  X  Y
121.48  21.93   12  113   42   -76  24  X  Y
126.23   7.67   12  118   43  -100  23  X  Y
119.96  13.46   21   83   24  -117  23  X  Y
124.00  13.93   28   88   47   -33  24  X  Y
121.85   9.34   29  272   39  -117  23  X  Y
127.60   8.01   12  181   42   -92  24  X  Y
118.92  15.83   12  355   35  -138  24  X  Y
119.71  18.88   18   39   33  -101  23  X  Y
120.89  19.70   21  222   40  -120  23  X  Y
123.79   7.44  589  174   29  -102  24  X  Y
125.49   5.14  179  209   21   -41  24  X  Y
123.67   5.47  531  158   14  -114  26  X  Y
127.02   9.50   66  113   53   -44  23  X  Y
119.66  16.22   42  293   23   -44  23  X  Y
123.20  12.78   12  282   41  -104  23  X  Y
120.43  19.81   18   17   38  -107  23  X  Y
126.56   7.57   86   38   29  -110  23  X  Y
119.03  15.58   19    2   40   -83  24  X  Y
126.30   9.61   48  344   26   -90  24  X  Y
122.45  10.66   36  331   64   -27  23  X  Y
121.04  19.24   12  114   55  -145  23  X  Y
120.07  21.37   14  160   39  -111  23  X  Y
120.05  21.35   12  176   41   -81  23  X  Y
120.57  13.58   15   13   67  -156  23  X  Y
123.21  14.66   12   68   38   -36  23  X  Y
121.53  21.95   12  102   37   -91  23  X  Y
125.63   4.67  178  183   50   -41  23  X  Y
126.57   4.07   50   32   52  -152  25  X  Y
120.68  21.54   24  118   49  -120  24  X  Y
121.02  19.29   27  131   41  -103  23  X  Y
119.99  20.62   12  171   40  -104  23  X  Y
119.95  20.65   16  337   44   -96  23  X  Y
119.84  20.77   18  167   40   -96  23  X  Y
119.77  21.07   18  187   46   -52  23  X  Y
119.84  20.77   15  346   44   -90  23  X  Y
119.80  20.59   19   20   34   -59  23  X  Y
119.94  20.51   15   14   32   -63  23  X  Y
120.04  19.14   16   44   35  -110  24  X  Y
120.13  19.05   21   39   45  -126  23  X  Y
120.00  19.11   12   54   37   -93  23  X  Y
119.96  19.18   14   23   35  -111  23  X  Y
126.55   8.19   41  208   35  -147  24  X  Y
119.20  18.30   12   61   39   -50  23  X  Y
119.98  20.69   12  355   38   -89  25  X  Y
119.98  20.71   12  163   29   -99  25  X  Y
119.88  20.68   20  321   38  -107  23  X  Y
119.91  20.60   19  329   36   -84  23  X  Y
120.05  20.54   16  159   31  -102  23  X  Y
119.92  20.65   12  160   46  -123  24  X  Y
120.04  20.85   12  205   32   -64  24  X  Y
119.94  20.71   12  320   27   -94  24  X  Y
121.60  13.55   16  202   46  -152  24  X  Y
123.79  12.42   17   52   45  -102  23  X  Y
119.93  20.69   12  313   26   -94  24  X  Y
120.01  20.56   17  338   43  -102  24  X  Y
119.77  20.90   12  140   41   -87  23  X  Y
125.86  13.37   12  142   42   -68  24  X  Y
120.52  21.81   20  165   30   -76  26  X  Y
121.69  21.93   12  111   34  -111  23  X  Y
120.39  21.74   12   52   40   -86  24  X  Y
123.46  12.68   16   93   40   -98  23  X  Y
125.69   9.72  128  112   28  -126  23  X  Y
123.91   6.62  569  121   10  -119  24  X  Y
126.58   8.30   35  209   38  -153  23  X  Y
125.54   6.05   69  306   30   -78  23  X  Y
119.34  18.30   12   33   42  -101  23  X  Y
127.72   6.19   12  162   40   -88  25  X  Y
126.09   5.60  103  346   35  -111  23  X  Y
127.67   6.15   19  150   33   -84  24  X  Y
125.81  12.54   87  108   58   -35  23  X  Y
120.84  18.77   27  350   60   -28  23  X  Y
124.59  14.31   14  183   50  -131  23  X  Y
124.55  14.29   13   71   42   -48  23  X  Y
120.90  20.26   19  134   42   -93  24  X  Y
125.59  13.52   18  290   44  -115  26  X  Y
125.44  13.72   17  318   43  -116  24  X  Y
125.57  13.55   22  287   47  -122  23  X  Y
125.95  13.09   12  347   48   -49  23  X  Y
125.74  13.40   16  314   36  -105  24  X  Y
125.44  13.74   19  152   47   -44  23  X  Y
120.53  15.42  146   72   54  -142  23  X  Y
120.63  13.78  103   30   34  -159  23  X  Y
124.33   6.62   14   49   46  -123  23  X  Y
118.66  13.62   18  113   64  -158  24  X  Y
124.36  13.09   12  109   67   -21  23  X  Y
126.17   4.59  114   17   15   -46  24  X  Y
120.40  13.50   17   55   36   -75  24  X  Y
120.46  13.56   12   32   35  -103  25  X  Y
120.37  13.48   13   66   46   -65  23  X  Y
120.33  13.49   14   56   35   -77  24  X  Y
124.29  13.11   19  108   63   -23  23  X  Y
120.52  13.41   14  229   34   -65  23  X  Y
124.48  13.06   25  102   42   -72  24  X  Y
124.52  13.03   26  228   46  -152  24  X  Y
124.27   5.39  421  249   18   -23  24  X  Y
125.80   5.37  137   32   21   -97  23  X  Y
127.06   7.69   24  126   44   -22  23  X  Y
126.31  12.46   17  175   42   -75  23  X  Y
119.47  21.66   28  318   51  -159  23  X  Y
119.93  19.30   12   47   25   -69  23  X  Y
125.40  13.62   16  275   33  -145  24  X  Y
124.07   9.40  573  311   26  -107  24  X  Y
122.51   4.11  580  179   10  -112  26  X  Y
126.55   7.04   97  227   39   -40  24  X  Y
125.31  10.71  130  103   21  -128  24  X  Y
121.03  19.14   22    1   52   -44  23  X  Y
120.93  20.98   16  252   45  -130  23  X  Y
125.70   9.82  147  251   44   -92  23  X  Y
123.93   6.91   26  337   52   -23  25  X  Y
119.22  17.73   12   51   34   -52  23  X  Y
123.59   6.54  597  263   19   -31  27  X  Y
123.90   6.62  577  233   18   -38  27  X  Y
123.48   6.83  641  254   22   -52  27  X  Y
123.56   6.23  556  240   19   -44  25  X  Y
123.56   6.86  608  125   14  -154  24  X  Y
123.27   6.76  635  288   26  -123  24  X  Y
123.41   6.69  614  274   10   -32  26  X  Y
126.94   6.66   42   78   26   -28  23  X  Y
123.73   7.10  609  255   20   -33  23  X  Y
124.56  12.97   15  206   66  -156  23  X  Y
123.68   6.91  606  295   67   -24  23  X  Y
122.91   4.14  521  217   20   -78  25  X  Y
121.92  21.24  185  173   36  -154  24  X  Y
123.40   6.67  598  235   11   -46  24  X  Y
125.33  13.64   16  143   35   -69  24  X  Y
125.74   4.20  121  237   17   -31  23  X  Y
120.96  13.50  144  203   17  -113  24  X  Y
119.26  18.31   14   44   39   -89  23  X  Y
126.87   8.33   16  231   32  -147  24  X  Y
123.46   7.46  609  176   37   -94  24  X  Y
119.15  14.23   17  316   33  -104  23  X  Y
118.97  15.54   12   25   28   -99  25  X  Y
119.08  15.53   19  200   43  -100  23  X  Y
124.57   5.89  385  122   26  -158  24  X  Y
120.50  13.70   12   32   48  -146  23  X  Y
120.43  13.69   14   45   44  -126  23  X  Y
125.56   9.97   21   70   43   -82  24  X  Y
127.40   8.09   19   11   37   -54  23  X  Y
127.73   6.33   12  346   43   -92  23  X  Y
120.90  19.06   23  308   40   -94  23  X  Y
126.99  10.45   13  153   33  -101  24  X  Y
126.99  10.54   12  153   33  -102  24  X  Y
126.90  10.55   19  336   40   -94  24  X  Y
126.97  10.43   17  139   32   -93  23  X  Y
126.90  10.52   18  151   38   -67  23  X  Y
126.75  11.40   12  161   41   -75  23  X  Y
126.71  10.91   16  338   38   -81  23  X  Y
126.91  10.45   12  338   37   -85  24  X  Y
126.88  10.70   12  322   43   -96  24  X  Y
126.90  10.71   12  164   38   -88  24  X  Y
126.88  10.55   21  349   44   -83  24  X  Y
126.95  10.49   12  164   35  -105  24  X  Y
126.90  10.52   14  355   39   -85  23  X  Y
12