126.58   9.71   17  189   33    54  23  X  Y
119.29  16.21   15    3   18    83  25  X  Y
126.38   4.98   88  289   54    36  23  X  Y
126.88   5.73  133  104   45    81  24  X  Y
122.17  11.35   55   19   43    81  23  X  Y
120.43  13.01  109  163   17    97  23  X  Y
126.58  10.11   17  206   24   116  23  X  Y
126.64  10.13   15  174   20    89  24  X  Y
128.31   4.00   15  166   24    73  24  X  Y
120.64  13.42   68  248   18    92  23  X  Y
127.27   8.21   54  339   23    22  23  X  Y
120.29  17.43   52  213   21   125  24  X  Y
127.61   4.75  111  338   34    66  25  X  Y
120.48  17.74   25  324   11    24  24  X  Y
124.76   6.30   28   22   22   145  23  X  Y
127.01   4.50   59  223   43   104  24  X  Y
121.86   7.37   34   63   58    29  24  X  Y
119.96  13.53   34  318   24    74  24  X  Y
122.30  12.51   30  219   64   156  24  X  Y
127.33   6.52   26  214   15    51  25  X  Y
120.52  13.41  136  308   44    60  23  X  Y
126.25   9.61   15  225   53   147  24  X  Y
120.81  13.74  152  317   30    72  24  X  Y
126.96   6.82   87   98   65    23  24  X  Y
126.05   5.83  116  197   14   118  24  X  Y
120.76  13.67  109  112   41    37  24  X  Y
126.31  10.68   18  144   23    53  24  X  Y
121.04  19.23   36   19   38    72  24  X  Y
127.07   6.73   44  171   45    60  27  X  Y
127.13   7.12   44   34   34   147  26  X  Y
126.96   6.76   30  115   14    22  25  X  Y
127.25   6.52   15  225   33   135  24  X  Y
127.25   6.55   24  189   34    70  24  X  Y
127.61   5.65   25  142   20    42  24  X  Y
127.87   5.10   36  188   29   109  23  X  Y
126.51  10.12   25  159   27    66  24  X  Y
127.25   6.38   21  248   59   143  24  X  Y
120.67  18.92   34  348   22    32  24  X  Y
126.89   6.12  102  329   48   148  23  X  Y
120.36  13.85  111  293    8    71  24  X  Y
127.63   4.34  133  322   43    50  23  X  Y
127.62   5.61   98  337   19    82  23  X  Y
122.37   9.58   17  349   31    44  23  X  Y
125.87   6.35  131  193   39   119  25  X  Y
120.95  19.52   34   25   28    80  24  X  Y
124.25   5.92   29  314   25    70  27  X  Y
124.85   6.12   27  303   11   115  24  X  Y
126.99   4.74   54  217   16   119  24  X  Y
127.19   7.07   44  175   48    61  24  X  Y
127.13   6.99  198   40   49   150  23  X  Y
121.11  19.40   27   39   30    84  24  X  Y
121.31  19.48   40   65   16   137  24  X  Y
122.24   5.71   15  156   46   126  23  X  Y
126.69   4.40   28   16   31    83  23  X  Y
126.80   4.24   28   20   43    90  23  X  Y
126.75   4.41   37  353   48    50  23  X  Y
126.54   4.18   49    9   39    90  23  X  Y
126.10   6.67   80  351   57    31  23  X  Y
121.15  19.30   46    0   31    64  23  X  Y
126.79   6.58   40  217   34   145  24  X  Y
121.36  21.95   32    0   51    47  24  X  Y
125.75  12.90   25  137   42    37  23  X  Y
121.03  19.24   42   32   28    84  24  X  Y
120.82  14.12  200  316   45    68  23  X  Y
121.24  19.94   22    1   18    55  23  X  Y
127.03   6.99   25  177   21    84  23  X  Y
120.94  13.34  198  333   17    21  23  X  Y
127.04   9.12   32  168   38    53  23  X  Y
121.32  20.28   38   12   26    80  24  X  Y
119.38  15.89   15  351   18    71  24  X  Y
120.46  19.29   20   74   39   148  23  X  Y
125.93  12.35   15  141   27    38  24  X  Y
127.56   5.81   57  344   52    25  24  X  Y
126.75   7.13   53  179   45    51  23  X  Y
120.54  13.90  134  344   23    97  24  X  Y
125.47   6.25   86  157   31   136  23  X  Y
122.58  17.56   16  142   20    52  23  X  Y
121.41  19.22   34  340    8    50  23  X  Y
125.78  11.34   49  151   43    55  23  X  Y
127.02   6.23   73  205   53   133  24  X  Y
123.77   6.78   33  332   29    69  24  X  Y
127.23   4.93   59   38   42    89  23  X  Y
121.84  20.57   17   23   51    40  24  X  Y
121.82   9.40   18  139   51    37  25  X  Y
121.85   9.83   35  148   40    38  23  X  Y
127.05   5.39   15  151   10    83  24  X  Y
126.62   5.94   25  176   25    71  24  X  Y
120.72  18.73   36   39   28    96  24  X  Y
119.81  13.78   21  325   24    72  25  X  Y
119.17  16.22   15   45   36   134  23  X  Y
125.58  12.11   37   35   37    94  25  X  Y
125.86  11.36   16  138   15    51  24  X  Y
125.88  11.39   28  213   22   125  24  X  Y
120.64  17.94   30   67   31    89  24  X  Y
124.43  14.00   15  123   14    43  24  X  Y
122.30  20.15   31  203   46   118  24  X  Y
124.89  13.74   14  144   14    77  24  X  Y
126.22   9.70   53  171   41    83  23  X  Y
126.98   6.35  210    1   49   140  24  X  Y
126.25   5.80  107  349   42    92  23  X  Y
126.49   6.30   73    6   56    30  23  X  Y
126.57   6.14   73   47   32    47  23  X  Y
127.62   4.88   46  326   42    60  23  X  Y
124.70  11.09   75  347   45    78  24  X  Y
126.25   8.79  112   12   45   111  23  X  Y
125.26  10.11   17  347   58    28  23  X  Y
126.45   6.42   60  227   34   153  24  X  Y
128.29   4.62   47  315   43    53  24  X  Y
127.15   5.55  107  302   44   156  23  X  Y
121.59  17.42   12  208   33   149  23  X  Y
120.43   4.80   25  318   41    83  23  X  Y
127.32   7.27   13  173   25    65  24  X  Y
126.82   9.07   23  159   28    66  23  X  Y
126.48   8.96   36  199   39   130  24  X  Y
124.18   5.90   18  316   22    65  23  X  Y
122.30   9.14   51  341   51    49  23  X  Y
120.88  14.01   84   14   50   144  23  X  Y
120.30  14.39  106  313   13    62  25  X  Y
120.50  13.91  111    1   51   144  25  X  Y
122.14   7.87   33  341   40    72  23  X  Y
126.59   5.37   27  153   30    26  24  X  Y
119.29  15.82   13    6   23   100  23  X  Y
126.80   9.79   25  236   43   158  23  X  Y
123.37   9.93   19   52   40   114  23  X  Y
126.85   6.20  124  157   30    76  24  X  Y
126.43   5.93   24  151   35    43  24  X  Y
127.15   8.19   34  172   39    80  23  X  Y
120.72  13.82  111  316   33   111  24  X  Y
126.66   4.80   57  254   23   150  25  X  Y
126.34   9.68   25  165    4    76  23  X  Y
126.46   8.74   58  165   42    77  23  X  Y
120.79  13.62  119  220   21    64  24  X  Y
119.89  13.57   30  317   27    80  23  X  Y
120.71  13.98  166   67   31   103  23  X  Y
126.40   4.86   71  244   28   150  24  X  Y
125.82   6.32  136  215   40   129  24  X  Y
126.99   5.31   50  265   63   156  23  X  Y
128.03   4.02   44  186   46    73  23  X  Y
126.00  11.77   24  165   30    78  23  X  Y
125.90  11.86   15  166   13    82  24  X  Y
125.93  11.95   21  164   27    79  23  X  Y
126.06  11.76   12  169   17    67  24  X  Y
126.04   5.69  162  287   52   139  24  X  Y
120.98  19.40   30   22   26    85  23  X  Y
120.64  13.99  148   18   35   129  23  X  Y
125.57   9.52   12    1   44    71  23  X  Y
123.91   6.37   15  329   15    69  24  X  Y
125.21  13.55   13  164   18    85  24  X  Y
119.97  17.23   29   89   34    69  23  X  Y
125.94   6.28   88  170   60    33  24  X  Y
126.33   5.87   46  342   40    87  24  X  Y
123.97   6.29   16  328   16    72  23  X  Y
123.98   6.32   15  325   18    67  25  X  Y
120.57  14.25  199  198   51    21  24  X  Y
120.20  13.26   25  301   21    35  24  X  Y
121.55  17.89   29  247   33    92  23  X  Y
127.01   9.10   22  160   29    74  23  X  Y
126.27   6.05  131  355   52    44  24  X  Y
128.34   4.19   26  191   32   122  23  X  Y
120.18  13.47   25  307   30    37  24  X  Y
126.50   4.62   74  220   33   124  23  X  Y
121.15  19.99   29  350   28    63  23  X  Y
125.70   4.54  187  228   61   157  24  X  Y
126.43   5.78  112   85   34   132  23  X  Y
120.94  19.32   35   32   29    97  24  X  Y
126.37   8.87   60  317   46    70  24  X  Y
125.54  12.26   20  156   23    67  23  X  Y
120.13  17.73   49  222   50   128  23  X  Y
120.22  18.36   34  218   42   122  23  X  Y
119.92  15.20   55  357   45    64  23  X  Y
121.19  19.87   29    1   25   106  23  X  Y
123.78   6.98   34  338   38    60  23  X  Y
126.73   4.23   28   11   42    87  24  X  Y
126.74   4.25   28    9   43    83  23  X  Y
126.84   4.29   28  217   42   109  23  X  Y
126.29  10.07   45  163   36    67  23  X  Y
125.33   4.97   12  315   27    80  24  X  Y
125.22   4.95   18  340   20    91  24  X  Y
125.28   4.93   18  329   25    84  23  X  Y
125.34   4.99   12  331   28    78  23  X  Y
125.34   5.04   12  340   28    86  25  X  Y
126.79   4.00   19  170   25    69  23  X  Y
126.39   5.94   44  176   39    61  23  X  Y
121.14  19.97   29    0   27    58  23  X  Y
120.61  13.89  113    5   24   142  23  X  Y
123.83   6.69   19  342   26    78  24  X  Y
127.44   4.94   68   29   48   148  24  X  Y
124.16   5.87   21  323   25    82  23  X  Y
122.23   9.71   28  342   26    77  24  X  Y
126.13   6.55   98   54   18   119  23  X  Y
126.59   5.61   23  151   39    42  23  X  Y
126.25   9.70   48   16   30   126  23  X  Y
126.59   5.49   34  173   35    73  23  X  Y
126.61   5.58   32  165   33    61  25  X  Y
126.58   5.55   34  167   34    65  24  X  Y
121.21  20.10   30  356   28   102  24  X  Y
126.95   4.23   21  170   46    52  24  X  Y
126.90   4.25   28   20   41   101  23  X  Y
127.00   4.12   19   22   49   121  23  X  Y
126.52   9.20   46  160   40    64  24  X  Y
121.90  20.63   12  229   43    93  23  X  Y
123.82   6.92   20    2   23    85  24  X  Y
125.15   5.67   53   24   30    90  23  X  Y
126.48   6.06   25  145   39    38  23  X  Y
126.39  11.45   12  163   21    73  24  X  Y
121.95  20.10   12  178   63    26  23  X  Y
123.71   7.14   38  204   68   159  24  X  Y
121.52  21.90   15  147   40    56  23  X  Y
121.48  21.88   13  182   31    93  24  X  Y
127.50   4.83   57  220   43   144  24  X  Y
121.00  19.45   31   19   30    87  24  X  Y
126.87   9.33   16  161   16    71  23  X  Y
126.88   9.32   23  171   29    82  23  X  Y
126.82   7.89   57  169   46    60  23  X  Y
121.12  20.02   30    2   28    65  23  X  Y
126.69   5.42   31  166   30    63  24  X  Y
119.21   5.74   15  164   60    21  23  X  Y
122.29  17.97   25  159   31    25  23  X  Y
124.58   9.77   27  128   44    24  24  X  Y
126.56   5.25   24  155   31    44  24  X  Y
126.82   5.89   80   47   48   141  24  X  Y
119.79  16.23   43  199   31   110  25  X  Y
125.60  12.42   20  153   20    70  25  X  Y
125.62  12.45   19  156   18    72  24  X  Y
126.42   9.69   37  145   43    52  24  X  Y
125.54  12.47   20  155   20    75  24  X  Y
119.73  16.30   41  232   35   139  23  X  Y
126.89   8.45   24  157   24    58  24  X  Y
121.21  19.97   24    6   30    80  25  X  Y
125.48  13.11   20  173   26    96  23  X  Y
127.12   6.07   64  192   29    97  25  X  Y
121.15  19.95   24  338   26    40  24  X  Y
121.19  19.92   28  351   27    55  24  X  Y
127.42   5.37   55  314   26    44  23  X  Y
125.17  13.08   21  161   21    84  23  X  Y
121.17  19.93   26  336   23    42  23  X  Y
127.78   4.37   60   30   51   134  23  X  Y
122.42  16.56   20  202   28   113  24  X  Y
122.41  16.54   18  206   27   116  24  X  Y
125.32   6.05  125   16   25    85  24  X  Y
121.19  20.17   31  344   25    50  25  X  Y
121.13  20.04   31    1   34    65  23  X  Y
126.68   5.27   32  166   26    65  24  X  Y
122.08  20.18   12  203   38    61  23  X  Y
125.81  12.11   15  156   14    63  24  X  Y
122.47  15.38   17  197   31   138  24  X  Y
122.67  15.41   31  169   33    84  23  X  Y
120.77  13.56  136  300   46    67  24  X  Y
119.60  15.06   29  357   26    80  23  X  Y
124.40  13.11   23  113   57    33  24  X  Y
125.63  11.42   54  156   41    65  24  X  Y
125.98   5.94  127  152   26    46  24  X  Y
120.93  19.28   38   31   35    98  23  X  Y
126.80   4.30   22  243   46   135  23  X  Y
126.69   4.23   24  353   53    44  24  X  Y
126.84   8.89   21  165   24    69  24  X  Y
125.66   5.74  198  228   17   139  25  X  Y
127.33   5.02   61  192   55   139  24  X  Y
119.75  16.46   33    2   47    56  23  X  Y
127.03   6.42  106  138   15    63  23  X  Y
120.87  19.43   33   21   28    84  23  X  Y
121.23  21.10   12  169   36    74  24  X  Y
126.44   5.39  139  241   62   157  23  X  Y
126.88   4.06   26  348   46    75  25  X  Y
126.93   4.11   22  177   40    86  24  X  Y
126.77   4.00   27  161   36    59  24  X  Y
126.69   4.08   24  137   28    28  25  X  Y
126.76   4.14   28  155   40    71  24  X  Y
126.71   4.15   30  140   40    51  24  X  Y
126.88   4.10   25  186   40   106  25  X  Y
126.64   4.08   28   19   52   132  23  X  Y
126.73   4.08   29  146   37    49  25  X  Y
126.66   4.10   25  146   26    37  24  X  Y
126.77   4.10   31   35   47   130  23  X  Y
126.86   4.07   26  180   44   103  23  X  Y
126.76   4.08   27   14   43    95  23  X  Y
126.90   4.23   28  213   37   110  23  X  Y
126.77   4.10   26  163   38    53  23  X  Y
120.90  19.20   38   28   35    90  24  X  Y
126.78   4.08   22  338   45    73  23  X  Y
127.59   5.66   27  164   26    69  24  X  Y
127.20   5.21   57  175   50   137  25  X  Y
123.69   7.13   37  205   63   151  23  X  Y
126.87   4.14   25  180   40    81  25  X  Y
126.86   4.16   26  183   37   109  23  X  Y
121.01  19.20   46   31   33   100  23  X  Y
126.78   4.04   29   25   44   113  23  X  Y
126.95   4.48   25  238    4   141  24  X  Y
127.15   7.79   19  171   23    61  24  X  Y
127.22   7.96   14  173   29    82  23  X  Y
127.26   7.70   22  175   30    67  23  X  Y
127.28   7.76   17  167   26    54  23  X  Y
119.63  15.13   22  347   32    56  24  X  Y
126.60   5.32   37  154   41    44  25  X  Y
126.34   5.18   24  148   22    25  23  X  Y
126.59   5.30   25  200    7   100  24  X  Y
127.14   7.73   21  164   33    69  23  X  Y
120.61  13.80  132   94   58    32  23  X  Y
122.06  10.00   19   24   18    82  23  X  Y
126.12   5.93  103  225   54   158  23  X  Y
127.61   4.89  113  327   49    44  23  X  Y
121.14  20.19   34    8   28    80  23  X  Y
123.56   6.77  626   27    4    74  26  X  Y
120.60  13.71  146  307   33    48  24  X  Y
126.40   6.46   52  215   22    93  23  X  Y
127.13   5.86  100  138   47    39  24  X  Y
126.66   4.21   28  204   36   109  23  X  Y
126.54   5.39   25  148   19    42  25  X  Y
126.53   5.37   32  186   19    96  24  X  Y
126.60   5.39   35  180   25    90  24  X  Y
127.38   5.10  121  328   34    48  23  X  Y
125.69  12.36   21  149   19    66  24  X  Y
126.53   6.51   56  184   23    66  23  X  Y
121.43  17.39   21  191   40    89  24  X  Y
126.51   6.46   33  177   28    84  24  X  Y
126.46   6.38   27  172   20    86  24  X  Y
126.79  10.08   22  199   20   101  23  X  Y
126.41   6.32   33  165   30    78  24  X  Y
126.78   6.14  107   94   51    37  24  X  Y
126.05   7.21   33  200   42    65  24  X  Y
120.72  13.75   77  170   49    47  23  X  Y
120.95  19.16   40   24   35    84  23  X  Y
120.76  13.77  139  237   21    36  23  X  Y
126.36  10.38   33  166   21    88  23  X  Y
126.99   6.11   85  162   31    72  23  X  Y
126.86   6.42  111  141   25    46  24  X  Y
125.51   5.79   31  342   30    60  23  X  Y
120.98  19.29   40   38   30    98  24  X  Y
120.59  18.63   50   42   36   109  24  X  Y
119.80  13.85   20  332   22    57  25  X  Y
125.30  13.70   12  165   24   115  23  X  Y
119.51  16.55   32    9   24    68  23  X  Y
126.72   4.19   31  176   27    54  23  X  Y
127.17   7.21   20  178   26    74  24  X  Y
127.02   5.30   52  261   55   157  24  X  Y
124.60   5.55   21  281   26    48  23  X  Y
124.58   5.58   25  269   27    33  24  X  Y
124.70   5.63   22  273   35    41  23  X  Y
125.89   5.99   90   59   54   145  23  X  Y
126.35   5.71  124  241   47   158  23  X  Y
124.74   6.73   26  194   53   134  24  X  Y
124.95  12.97   68  340   42    88  24  X  Y
126.62   7.42  148  135   43    28  23  X  Y
126.65   6.98  187  348   31   141  23  X  Y
119.59  15.17   22  351   28    70  24  X  Y
121.13  20.22   30    3   26    74  23  X  Y
126.93   7.37   42  173   43    64  25  X  Y
126.44  10.45   20  168   21    76  24  X  Y
126.54  10.41   29  172   21    86  23  X  Y
126.44  10.40   21  174   25    81  23  X  Y
126.51   9.95   28  164   26    66  23  X  Y
127.21   6.16   63  173   36    53  23  X  Y
123.28   4.22  518  337    5    55  25  X  Y
120.89  21.10   34  353   23    77  24  X  Y
120.53  14.16  138  321   14    82  23  X  Y
126.66   4.88   63  246   25   144  24  X  Y
121.17  18.84   56  210   26   154  24  X  Y
120.99  19.16   50   38   33    99  25  X  Y
120.37  13.98   89    4   58   155  24  X  Y
119.89  13.99   21  353   15    81  23  X  Y
126.09   9.93   37   80   49   137  23  X  Y
126.40   5.99  154  360   63    25  24  X  Y
120.95  19.06   46   10   35    62  23  X  Y
127.12   6.56   36  216   47   158  23  X  Y
126.68   5.33   32  177   34    81  24  X  Y
120.68  13.67  128  160   36    79  24  X  Y
125.79   5.91  154  200   32    89  23  X  Y
126.31   5.94   47  170   43    59  23  X  Y
125.14   4.76   12   28   22   100  24  X  Y
122.14   9.48   20   46   43    82  23  X  Y
122.11   9.65   17    4   19    90  25  X  Y
122.10   9.64   24  349   37    43  24  X  Y
122.11   9.71   18   83   19   158  24  X  Y
119.82  15.11   45  348   42    65  25  X  Y
126.95   7.56   29  257   47   127  23  X  Y
120.86  19.26   39   28   33    90  24  X  Y
120.53  20.45   12   56   25   110  23  X  Y
126.25  10.01   47  175   37    79  23  X  Y
127.51   5.19  117  298   37    41  23  X  Y
119.70  13.84   31  354   27    91  23  X  Y
126.19  11.19   14  154   22    64  23  X  Y
120.39  13.15   23   76   55   150  23  X  Y
126.49   9.41   27  157   30    78  23  X  Y
120.62  13.72  151  144   33    57  23  X  Y
120.84  19.42   32   14   28    97  23  X  Y
120.87  19.35   35   31   27    97  24  X  Y
126.14   6.53   83  350   53    49  23  X  Y
126.00  11.18   31  198   42   116  24  X  Y
124.73  13.55   25  150   14    74  24  X  Y
120.87  19.44   33   24   27    88  24  X  Y
125.78  11.82   30  152   24    70  23  X  Y
125.88  11.84   35  169   31    86  23  X  Y
125.91  12.05   18  166   19    83  24  X  Y
125.95  12.08   13  157   25    92  24  X  Y
123.26  10.03   12   19   43    83  26  X  Y
123.24   9.99   12  189   26    47  24  X  Y
123.13   9.90   12   20   54    30  25  X  Y
123.07   9.91   12   20   54    32  24  X  Y
123.22   9.99   13   22   49    28  24  X  Y
123.38  10.18   21   12   43    87  23  X  Y
123.34  10.14   12   47   41   115  23  X  Y
123.38  10.00   13  176   48    51  23  X  Y
123.40  10.24   12   15   44    79  24  X  Y
123.30  10.11   14  203   41    79  23  X  Y
123.41  10.07   13  181   38    68  23  X  Y
126.28   9.92   68  157   48    60  23  X  Y
126.04  11.90   28  151   28    79  23  X  Y
126.61   9.57   29  246   34   137  23  X  Y
125.90  12.24   17  153   21    78  23  X  Y
126.58   5.72  109  331   55    41  23  X  Y
126.68   5.66   43  244   49   141  24  X  Y
119.48  15.66   28  324   25    77  25  X  Y
126.32  11.52   18  185   34   115  23  X  Y
119.56  15.12   28    3   22    91  23  X  Y
126.24  11.36   15  156   17    71  24  X  Y
126.97  10.85   45  347   43    67  27  X  Y
126.63  10.23   24  171   37    80  24  X  Y
126.63  10.35   16  174   24    90  24  X  Y
126.65  10.31   17  166   26    83  23  X  Y
123.76   6.68   12  357   20    79  24  X  Y
123.71   6.71   28  340   32    77  23  X  Y
127.23   7.07   23  180   33    72  23  X  Y
125.66  12.72   13  148   23    79  23  X  Y
125.64  12.70   13  144   24    74  24  X  Y
126.54   5.67   69  284   66   156  23  X  Y
120.64  14.03  152   10   31   105  23  X  Y
126.99   5.90  143  316   36   127  23  X  Y
120.35  13.21   50   18   44   128  23  X  Y
126.57   9.84   16  166   17    80  24  X  Y
120.70  18.80   51   40   36   103  24  X  Y
125.92   4.53  184  137   12    73  23  X  Y
126.27  11.19   26  151   40    70  23  X  Y
126.48   9.23   46  160   41    71  25  X  Y
122.23  10.11   37  359   19    82  24  X  Y
126.04   5.94  112  198   32   124  23  X  Y
120.77  14.18  203  117   49   122  23  X  Y
122.24  11.13   27  358   38    61  23  X  Y
120.94  19.20   39   18   39    81  23  X  Y
120.93  19.23   41   32   34    97  24  X  Y
126.77   4.33   26  229   42   140  23  X  Y
126.66   4.20   27  188   49    57  23  X  Y
125.62  11.31   55  166   42    73  24  X  Y
120.75  14.10  213  241   50    47  23  X  Y
125.95   5.77  107  197   28   124  25  X  Y
127.05   5.52   65  152   52    52  23  X  Y
126.38  10.02   21  172   21    84  24  X  Y
126.53  10.06   32  165   33    67  23  X  Y
121.69  15.93   20  156   10    52  24  X  Y
122.06  20.82   12  224   40   117  24  X  Y
127.69   4.49  107  342   26    78  24  X  Y
123.25  15.10   25   97   16    37  24  X  Y
119.63  17.38   41   12   30    96  23  X  Y
122.19  15.00   52  198   52   147  23  X  Y
126.75   4.69   55  250   28   146  23  X  Y
126.64   6.89  173   20   48   146  23  X  Y
126.3