124.71   4.64   28  203   58  -168  23  X  Y
125.75   4.10  140  324   77     6  25  X  Y
125.47  11.31   15  323   63    12  24  X  Y
124.78  11.05   15  143   65    -4  24  X  Y
126.96   5.29   56  170   79     3  24  X  Y
120.42  17.02   40  106   34  -175  24  X  Y
120.38  13.88  107  246   15    20  24  X  Y
121.84  20.81   38  238   81  -176  24  X  Y
125.71   5.80   86  238   18  -174  23  X  Y
121.91  20.35   22  234   73  -167  25  X  Y
122.35  15.37   61  213   35  -174  24  X  Y
124.59   5.89  411  235   46   -11  23  X  Y
126.05   7.96  174   30   45   175  24  X  Y
127.64   5.86   84  192   74   165  24  X  Y
119.69  17.36   44  359   82   179  24  X  Y
120.42  19.20   77  358   64   -16  23  X  Y
127.75   5.83   19  113   24    16  23  X  Y
124.91   9.75   27  223   65     7  23  X  Y
122.15  20.34   37  222   77   169  24  X  Y
124.76  11.99   25  209   61  -168  23  X  Y
127.03   6.64   54   97   56    -5  24  X  Y
125.76   7.03  104  101   44  -180  23  X  Y
121.20  13.78   15   36   51     2  24  X  Y
125.67  12.11   70   84   38   178  23  X  Y
123.44  11.86   15   90   71    -6  24  X  Y
121.00  18.58   27  343   59   -18  24  X  Y
121.77  20.20   28   96   77   168  24  X  Y
124.17   5.25   28  239   87  -178  24  X  Y
124.22   5.22   40  232   75  -174  24  X  Y
123.99   7.68   43  229   69  -179  24  X  Y
120.74  13.64   30    9   67  -165  24  X  Y
118.54  15.30   15  324   78  -171  25  X  Y
121.13  12.35   15  278   16    -1  23  X  Y
119.64  17.30   18   26   12    20  24  X  Y
123.41   7.39   20  310   80     5  25  X  Y
121.50  20.72   49  162   77    -6  23  X  Y
123.81  12.25   15  144   79    -6  24  X  Y
123.92  12.25   15  144   82     1  25  X  Y
121.00  19.02   36   10   40   -12  24  X  Y
126.68   4.79   87  229   37   163  23  X  Y
123.84  12.19   15  233   74   180  24  X  Y
123.93  12.06   16  231   76  -175  24  X  Y
123.64  12.28   15  330   69    19  24  X  Y
123.85   6.90  580  227   24   -18  26  X  Y
120.27  13.18   15   55   52   163  24  X  Y
123.65  12.39   15  139   79    -3  25  X  Y
124.91  12.96   38  247   15  -173  25  X  Y
126.31   6.58   44  228   59  -161  23  X  Y
121.77  20.30   73  290   43  -175  24  X  Y
122.26  12.33   31  219   72   173  24  X  Y
126.09   4.36  140  245   41   178  23  X  Y
126.27   7.53   15  162   55   -17  24  X  Y
126.35   4.00   25  132   86    -3  24  X  Y
123.32   8.31   15  300   62   -14  24  X  Y
123.14   8.36   15  299   47     3  23  X  Y
126.74   4.18   53   92   43     9  24  X  Y
124.32  11.30   12  339   79    -8  24  X  Y
126.19   7.63   17   76   77  -171  24  X  Y
123.11  12.84   12  301   68    -1  24  X  Y
122.28  20.33   21  298   65     0  23  X  Y
122.34  20.22   26   32   86   180  23  X  Y
125.71   9.09   16   68   36   167  23  X  Y
125.47   9.74   16   72   61  -168  23  X  Y
125.99   8.29   21  328   76    -9  24  X  Y
127.12   9.18   58  124   68   -14  23  X  Y
124.30   6.18   82  196   62   174  23  X  Y
125.28   5.88  101  292   68   168  24  X  Y
126.68   5.63   38  102   68  -172  23  X  Y
120.49  14.02   97   33   53   168  23  X  Y
122.24  18.63   19  229   79  -176  23  X  Y
124.98  12.50   38  358   58  -165  23  X  Y
123.21  12.82   14  297   76    -7  24  X  Y
124.29   9.65   19  348   79     1  23  X  Y
117.58   6.35   12    9   77   -11  24  X  Y
124.01  14.78   27  311   59   -20  23  X  Y
120.59  13.46   15    6   56  -175  23  X  Y
123.09  12.79   30  213   77  -175  23  X  Y
125.09   7.87   20   73   85  -177  23  X  Y
126.44   6.49   59  240   47  -176  23  X  Y
121.40  12.13   14  167   85     2  24  X  Y
121.77  21.50   20  151   88     2  23  X  Y
126.74   6.33   88  315   66  -164  23  X  Y
126.62   7.68  120  119   35    17  24  X  Y
121.52  13.52   17  183   78  -170  24  X  Y
121.57  13.52   15  196   56  -168  24  X  Y
121.52  13.49   15  201   83  -179  25  X  Y
120.33  22.00   32  136   70     9  24  X  Y
125.87  11.83   23   50   23   163  23  X  Y
121.74  19.88   16   84   69  -178  23  X  Y
126.33   6.73   63  119   48   -19  23  X  Y
127.30   7.94   32  291   60  -179  23  X  Y
122.22  21.30   15  222   82  -173  24  X  Y
126.48   7.31   24  131   23     4  24  X  Y
120.14  17.43   38  254   21   168  24  X  Y
126.87   8.81   23  136   45   -14  23  X  Y
122.75  13.73   18  127   88     1  24  X  Y
125.29  10.46   18  141   78    -8  24  X  Y
121.34  21.01   65  321   75   -15  23  X  Y
125.27  10.44   12  237   86   177  24  X  Y
124.72  13.08   65  220   54   169  23  X  Y
120.90  19.22   18   82    4   -19  24  X  Y
124.45  11.60   20  326   78    -1  23  X  Y
122.51  18.35   20  152   71   -16  23  X  Y
127.04   4.29   24  291   21  -173  24  X  Y
120.80  17.26   20  349   65    -8  24  X  Y
122.44  18.27   19  232   43   168  23  X  Y
120.55  13.41   35   53   70   176  24  X  Y
121.85  20.10   13  163   87     3  24  X  Y
121.87  20.11   12  354   81     9  24  X  Y
121.94  20.11   16  175   62     7  23  X  Y
121.94  20.18   18  177   75    10  23  X  Y
121.88  20.12   17   77   71   166  24  X  Y
123.61  12.85   18   79   63  -161  23  X  Y
118.28   4.66   12  134   80     8  23  X  Y
125.63   9.18   28  349   61   -10  23  X  Y
126.45   8.07  117  251   15    18  23  X  Y
122.45  15.39   18  104   61   -19  23  X  Y
124.66   6.48   12   77   59  -161  23  X  Y
121.04  21.06   18  348   60    17  24  X  Y
120.98  21.08   23  344   67     5  23  X  Y
121.05  21.04   15  257   78   168  25  X  Y
121.34  21.67   68   41   34   179  23  X  Y
124.37  13.07   15  202   81  -173  25  X  Y
124.34  13.11   14  110   86     2  24  X  Y
124.36  13.11   22   11   48   178  24  X  Y
125.27  10.30   12   68   76  -173  24  X  Y
124.42  13.09   27   14   65   160  24  X  Y
120.03  12.72   23   47   81  -174  23  X  Y
126.27   6.89   36  144   59     9  23  X  Y
124.78   4.79  333  139   49   175  24  X  Y
124.26   7.97   24  334   66    12  23  X  Y
122.67  13.17   18  227   83  -178  23  X  Y
124.78  10.99   16  317   84    -5  24  X  Y
127.08   4.00   28  247   67   179  23  X  Y
123.77  14.79   35  146   70     1  23  X  Y
125.60   4.26  142  244   32    -4  23  X  Y
120.03  15.60   30  316   72   -16  24  X  Y
126.94   4.48   26  263    7   180  24  X  Y
125.96   5.86  147  244   52   170  24  X  Y
126.66   5.32   36  140   50    17  24  X  Y
124.40   4.65   27  149   84     5  23  X  Y
126.63   5.20   17  358   59     4  23  X  Y
126.55   5.02   20   79   69  -162  24  X  Y
125.77   4.10  130  236   37   -17  23  X  Y
126.54   6.00   94  240   36   162  24  X  Y
120.38  12.65   12  321   79    -7  25  X  Y
124.65   6.53   16   61   75  -167  24  X  Y
124.71   6.51   19   65   67  -163  24  X  Y
120.37  12.54   16  332   41    -2  23  X  Y
125.68   9.43   19  344   75   -10  23  X  Y
125.66   9.37   13   79   79  -170  24  X  Y
124.36   6.69   22   16   62  -172  23  X  Y
125.50  13.78   16  180   79    -3  24  X  Y
125.53  13.74   18  357   86    -2  24  X  Y
121.06  21.09   29  341   57    16  23  X  Y
122.48  18.31   19  241   50   177  24  X  Y
122.86  13.61   19  126   74    -4  24  X  Y
125.64   9.25   20  351   69    -5  23  X  Y
123.45   6.73  615  312    4    15  24  X  Y
124.64  13.02   17  108   69   -10  23  X  Y
121.32  19.76   29  347   75    -5  24  X  Y
121.99  19.42   12  100   79  -175  24  X  Y
122.01  19.41   14  250   85  -176  23  X  Y
125.55   9.29   28  346   50     4  23  X  Y
123.03  12.87   21  306   71     8  23  X  Y
122.98  12.95   21   32   84  -179  23  X  Y
122.97  12.92   16   32   81   176  24  X  Y
127.72   4.01  112  198   70  -166  23  X  Y
125.95   9.50   19   94   57   -16  24  X  Y
125.43   9.89   21  331   66    -9  23  X  Y
125.56   9.30   23  350   69    -9  23  X  Y
121.91  17.31   13  327   71   168  23  X  Y
127.56   4.81   75  321   70     1  24  X  Y
122.16   9.72   19  109   62   160  23  X  Y
125.05   7.93   14  332   65     5  23  X  Y
124.44  11.55   15  326   65     2  23  X  Y
122.35  18.37   12  233   68   169  23  X  Y
125.23   4.87   34  337   85    -4  24  X  Y
126.26   8.56  202  130   56    17  23  X  Y
123.64  12.45   19  321   75     3  24  X  Y
122.42  20.41   27  119   63     5  23  X  Y
118.26   4.66   14  110   52   -16  23  X  Y
12